sentence_good,sentence_bad,field,linguistics_term,UID,simple_LM_method,one_prefix_method,two_prefix_method,lexically_identical,pair_id,good_prob,bad_prob,correct
Dawn's ex-husband wasn't going to one rough grocery store and Becca wasn't going to many.,Dawn's ex-husband wasn't going to one grocery store and Becca wasn't going to many rough.,syntax,ellipsis,ellipsis_n_bar_1,True,False,False,False,0,-139.89862060546875,-137.59017944335938,0
Most men irritates two happy students and a snake irritates three.,Most men irritates two students and a snake irritates three happy.,syntax,ellipsis,ellipsis_n_bar_1,True,False,False,False,1,-97.37409210205078,-96.84786224365234,0
A pedestrian's brothers had loved one smart dancer and Phillip's mother had loved few.,A pedestrian's brothers had loved one dancer and Phillip's mother had loved few smart.,syntax,ellipsis,ellipsis_n_bar_1,True,False,False,False,2,-131.34861755371094,-130.9134521484375,0
Brad passed one big museum and Eva passed several.,Brad passed one museum and Eva passed several big.,syntax,ellipsis,ellipsis_n_bar_1,True,False,False,False,3,-74.58543395996094,-74.83309936523438,1
The daughters of Michelle weren't hurting one displeased ex-wife and Stephanie's classmates weren't hurting three.,The daughters of Michelle weren't hurting one ex-wife and Stephanie's classmates weren't hurting three displeased.,syntax,ellipsis,ellipsis_n_bar_1,True,False,False,False,4,-155.21998596191406,-152.0071258544922,0
Most ladies can appreciate one good essay and Matt's dermatologist can appreciate two.,Most ladies can appreciate one essay and Matt's dermatologist can appreciate two good.,syntax,ellipsis,ellipsis_n_bar_1,True,False,False,False,5,-119.49100494384766,-121.32766723632812,1
Those actresses' guests discovered three hard socks and Jason's ex-boyfriends discovered more.,Those actresses' guests discovered three socks and Jason's ex-boyfriends discovered more hard.,syntax,ellipsis,ellipsis_n_bar_1,True,False,False,False,6,-137.49075317382812,-133.86691284179688,0
That lady has resembled one hidden print and Guy's colleague has resembled four.,That lady has resembled one print and Guy's colleague has resembled four hidden.,syntax,ellipsis,ellipsis_n_bar_1,True,False,False,False,7,-118.2802734375,-118.41527557373047,1
Every actress's piano teachers skate around five messy college campuses and Carolyn's dentists skate around four.,Every actress's piano teachers skate around five college campuses and Carolyn's dentists skate around four messy.,syntax,ellipsis,ellipsis_n_bar_1,True,False,False,False,8,-168.65408325195312,-168.1192169189453,0
This print scares a lot of busy senators and Benjamin scares a few.,This print scares a lot of senators and Benjamin scares a few busy.,syntax,ellipsis,ellipsis_n_bar_1,True,False,False,False,9,-96.56190490722656,-95.27642822265625,0
Florence's handymen think about no happy best friends and Ellen's best friends think about some.,Florence's handymen think about no best friends and Ellen's best friends think about some happy.,syntax,ellipsis,ellipsis_n_bar_1,True,False,False,False,10,-136.21527099609375,-132.73931884765625,0
The customers don't walk through one orange public park and Ellen might walk through few.,The customers don't walk through one public park and Ellen might walk through few orange.,syntax,ellipsis,ellipsis_n_bar_1,True,False,False,False,11,-115.2372055053711,-111.56527709960938,0
Amy's lawyers examine one upset grandson and a lot of cashiers examine few.,Amy's lawyers examine one grandson and a lot of cashiers examine few upset.,syntax,ellipsis,ellipsis_n_bar_1,True,False,False,False,12,-115.25749969482422,-110.36853790283203,0
Jerry was cleaning few gray public parks and some grandson of Ann was cleaning many.,Jerry was cleaning few public parks and some grandson of Ann was cleaning many gray.,syntax,ellipsis,ellipsis_n_bar_1,True,False,False,False,13,-121.51058959960938,-118.23287963867188,0
Jerry fired a few hopeful employees and Daniel's sons fired several.,Jerry fired a few employees and Daniel's sons fired several hopeful.,syntax,ellipsis,ellipsis_n_bar_1,True,False,False,False,14,-89.3731689453125,-84.51109313964844,0
A slope isn't shocking few lost colleagues and horses aren't shocking many.,A slope isn't shocking few colleagues and horses aren't shocking many lost.,syntax,ellipsis,ellipsis_n_bar_1,True,False,False,False,15,-127.19126892089844,-121.96659851074219,0
Claire could sound like one good college campus and Daniel could sound like some.,Claire could sound like one college campus and Daniel could sound like some good.,syntax,ellipsis,ellipsis_n_bar_1,True,False,False,False,16,-106.43992614746094,-104.71087646484375,0
Donald criticizes three important customers and Carrie criticizes more.,Donald criticizes three customers and Carrie criticizes more important.,syntax,ellipsis,ellipsis_n_bar_1,True,False,False,False,17,-91.797607421875,-89.29940795898438,0
Connie's fathers find one determined spouse and all teenagers find four.,Connie's fathers find one spouse and all teenagers find four determined.,syntax,ellipsis,ellipsis_n_bar_1,True,False,False,False,18,-102.91426086425781,-100.19198608398438,0
The son of Danielle will bore several confident cousins and these grandfathers of Carrie will bore a few.,The son of Danielle will bore several cousins and these grandfathers of Carrie will bore a few confident.,syntax,ellipsis,ellipsis_n_bar_1,True,False,False,False,19,-149.67214965820312,-144.62283325195312,0
These grandmothers of Martin hadn't resembled two yellow photographs of and some reports about music hadn't resembled three.,These grandmothers of Martin hadn't resembled two photographs of and some reports about music hadn't resembled three yellow.,syntax,ellipsis,ellipsis_n_bar_1,True,False,False,False,20,-161.07562255859375,-161.17945861816406,1
Many bikes embarrassed no excited French teachers and the organizations embarrassed some.,Many bikes embarrassed no French teachers and the organizations embarrassed some excited.,syntax,ellipsis,ellipsis_n_bar_1,True,False,False,False,21,-104.94229888916016,-102.52828979492188,0
Suzanne's grandfathers talk to five unconvinced grandsons and many schools talk to four.,Suzanne's grandfathers talk to five grandsons and many schools talk to four unconvinced.,syntax,ellipsis,ellipsis_n_bar_1,True,False,False,False,22,-162.12539672851562,-158.11807250976562,0
Kenneth's brother revealed one purple restaurant and Karen revealed more.,Kenneth's brother revealed one restaurant and Karen revealed more purple.,syntax,ellipsis,ellipsis_n_bar_1,True,False,False,False,23,-95.9195556640625,-97.92678833007812,1
Kristin's piano teachers see one rough school and Florence's electricians see two.,Kristin's piano teachers see one school and Florence's electricians see two rough.,syntax,ellipsis,ellipsis_n_bar_1,True,False,False,False,24,-121.14971923828125,-124.47879028320312,1
A lot of governments describe a few unsure senators and Meredith's lawyers describe several.,A lot of governments describe a few senators and Meredith's lawyers describe several unsure.,syntax,ellipsis,ellipsis_n_bar_1,True,False,False,False,25,-127.39634704589844,-126.10601043701172,0
Charles's associates had taken one gray skirt and Sheila's podiatrist had taken a lot.,Charles's associates had taken one skirt and Sheila's podiatrist had taken a lot gray.,syntax,ellipsis,ellipsis_n_bar_1,True,False,False,False,26,-127.94929504394531,-133.30613708496094,1
Laurie cares for four ill sisters and every cashier cares for five.,Laurie cares for four sisters and every cashier cares for five ill.,syntax,ellipsis,ellipsis_n_bar_1,True,False,False,False,27,-115.81986999511719,-113.04769897460938,0
Tiffany was stunning a few displeased nieces of and bananas are stunning several.,Tiffany was stunning a few nieces of and bananas are stunning several displeased.,syntax,ellipsis,ellipsis_n_bar_1,True,False,False,False,28,-158.95785522460938,-153.93804931640625,0
These sisters of Bradley shocks four big mothers and these girls' dermatologists shocks five.,These sisters of Bradley shocks four mothers and these girls' dermatologists shocks five big.,syntax,ellipsis,ellipsis_n_bar_1,True,False,False,False,29,-138.12554931640625,-140.9064483642578,1
This actress observes three busy students and Monica observes more.,This actress observes three students and Monica observes more busy.,syntax,ellipsis,ellipsis_n_bar_1,True,False,False,False,30,-91.32264709472656,-90.34495544433594,0
Jesus flees from three determined granddaughters of and Gerald flees from fewer.,Jesus flees from three granddaughters of and Gerald flees from fewer determined.,syntax,ellipsis,ellipsis_n_bar_1,True,False,False,False,31,-132.5757598876953,-130.532470703125,0
Dennis talks to a few good students and Monet talks to several.,Dennis talks to a few students and Monet talks to several good.,syntax,ellipsis,ellipsis_n_bar_1,True,False,False,False,32,-110.165771484375,-107.23182678222656,0
The libraries bought three green eyes and Colleen bought two.,The libraries bought three eyes and Colleen bought two green.,syntax,ellipsis,ellipsis_n_bar_1,True,False,False,False,33,-86.36907958984375,-87.95158386230469,1
Sharon hasn't concealed one exposed sketch and Theodore hasn't concealed at least as many.,Sharon hasn't concealed one sketch and Theodore hasn't concealed at least as many exposed.,syntax,ellipsis,ellipsis_n_bar_1,True,False,False,False,34,-130.4932403564453,-126.54489135742188,0
Maria's senator scanned two upset contractors and this guy scanned three.,Maria's senator scanned two contractors and this guy scanned three upset.,syntax,ellipsis,ellipsis_n_bar_1,True,False,False,False,35,-113.66392517089844,-108.77708435058594,0
Colleen's students hadn't sounded like three long essays and Mark hadn't sounded like almost as many.,Colleen's students hadn't sounded like three essays and Mark hadn't sounded like almost as many long.,syntax,ellipsis,ellipsis_n_bar_1,True,False,False,False,36,-133.5946044921875,-131.75289916992188,0
Those men wear few new shawls and most cousins of the Impressionists wear many.,Those men wear few shawls and most cousins of the Impressionists wear many new.,syntax,ellipsis,ellipsis_n_bar_1,True,False,False,False,37,-138.65182495117188,-140.8011474609375,1
That book bored many troubled sons and Theresa bored few.,That book bored many sons and Theresa bored few troubled.,syntax,ellipsis,ellipsis_n_bar_1,True,False,False,False,38,-99.59548950195312,-95.76483154296875,0
Catherine is visiting one confident colleague and every teacher is visiting some.,Catherine is visiting one colleague and every teacher is visiting some confident.,syntax,ellipsis,ellipsis_n_bar_1,True,False,False,False,39,-99.09677124023438,-94.68347930908203,0
Debra should praise few nice mothers of and Becky should praise many.,Debra should praise few mothers of and Becky should praise many nice.,syntax,ellipsis,ellipsis_n_bar_1,True,False,False,False,40,-119.31330871582031,-120.18794250488281,1
Stephanie examines one small mother and Richard's grandfather examines some.,Stephanie examines one mother and Richard's grandfather examines some small.,syntax,ellipsis,ellipsis_n_bar_1,True,False,False,False,41,-103.17716217041016,-100.08770751953125,0
Ella was stunning one exposed sister of and this dress was stunning several.,Ella was stunning one sister of and this dress was stunning several exposed.,syntax,ellipsis,ellipsis_n_bar_1,True,False,False,False,42,-119.25141906738281,-114.05604553222656,0
Anne's doctor cleans one important book and Stacey cleans a few.,Anne's doctor cleans one book and Stacey cleans a few important.,syntax,ellipsis,ellipsis_n_bar_1,True,False,False,False,43,-99.51123046875,-96.62700653076172,0
This cake impressed one rough hospital and most essays impressed four.,This cake impressed one hospital and most essays impressed four rough.,syntax,ellipsis,ellipsis_n_bar_1,True,False,False,False,44,-98.999755859375,-98.66175079345703,0
Peter should scare one hidden girlfriend and Stephanie should scare three.,Peter should scare one girlfriend and Stephanie should scare three hidden.,syntax,ellipsis,ellipsis_n_bar_1,True,False,False,False,45,-92.1506118774414,-93.99678802490234,1
The sisters of Keith disturbed three exposed nieces and Edward disturbed almost as many.,The sisters of Keith disturbed three nieces and Edward disturbed almost as many exposed.,syntax,ellipsis,ellipsis_n_bar_1,True,False,False,False,46,-133.09918212890625,-128.49244689941406,0
Jill has climbed down one out in the open hill and Phillip has climbed down more.,Jill has climbed down one hill and Phillip has climbed down more out in the open.,syntax,ellipsis,ellipsis_n_bar_1,True,False,False,False,47,-122.34172821044922,-123.85965728759766,1
Tara had revealed no delighted ladies and the lady's electricians had revealed some.,Tara had revealed no ladies and the lady's electricians had revealed some delighted.,syntax,ellipsis,ellipsis_n_bar_1,True,False,False,False,48,-128.74496459960938,-126.02928924560547,0
Many daughters of Sarah were exiting one rough library and Renee wasn't exiting three.,Many daughters of Sarah were exiting one library and Renee wasn't exiting three rough.,syntax,ellipsis,ellipsis_n_bar_1,True,False,False,False,49,-135.70533752441406,-135.17166137695312,0
Some guest has distracted one important organization and Curtis's hairdresser has distracted four.,Some guest has distracted one organization and Curtis's hairdresser has distracted four important.,syntax,ellipsis,ellipsis_n_bar_1,True,False,False,False,50,-131.22076416015625,-132.97750854492188,1
Every actor's ex-girlfriend disturbs one hidden daughter of and this closet disturbs at least as many.,Every actor's ex-girlfriend disturbs one daughter of and this closet disturbs at least as many hidden.,syntax,ellipsis,ellipsis_n_bar_1,True,False,False,False,51,-153.19088745117188,-152.1930694580078,0
Glasses might scare one content ex-girlfriend and Noah might scare some.,Glasses might scare one ex-girlfriend and Noah might scare some content.,syntax,ellipsis,ellipsis_n_bar_1,True,False,False,False,52,-124.20687866210938,-116.8908920288086,0
A guest's tutors aggravate one unsure contractor and these glasses aggravate three.,A guest's tutors aggravate one contractor and these glasses aggravate three unsure.,syntax,ellipsis,ellipsis_n_bar_1,True,False,False,False,53,-144.3692169189453,-143.78939819335938,0
The bikes have bored three happy ladies and Mary hadn't bored almost as many.,The bikes have bored three ladies and Mary hadn't bored almost as many happy.,syntax,ellipsis,ellipsis_n_bar_1,True,False,False,False,54,-114.49612426757812,-110.71871185302734,0
Denise saw a lot of unlucky guests and Christine's electricians saw a few.,Denise saw a lot of guests and Christine's electricians saw a few unlucky.,syntax,ellipsis,ellipsis_n_bar_1,True,False,False,False,55,-106.6407470703125,-105.23368072509766,0
Kirsten couldn't climb up one hidden mountain and Irene couldn't climb up few.,Kirsten couldn't climb up one mountain and Irene couldn't climb up few hidden.,syntax,ellipsis,ellipsis_n_bar_1,True,False,False,False,56,-129.67755126953125,-129.248291015625,0
This brother of Walter is distracting three good governments and Danielle's grandsons aren't distracting almost as many.,This brother of Walter is distracting three governments and Danielle's grandsons aren't distracting almost as many good.,syntax,ellipsis,ellipsis_n_bar_1,True,False,False,False,57,-166.35128784179688,-163.38699340820312,0
Some banks hires one employed grandmother of and Brad's ex-husband hires a lot.,Some banks hires one grandmother of and Brad's ex-husband hires a lot employed.,syntax,ellipsis,ellipsis_n_bar_1,True,False,False,False,58,-127.41033935546875,-127.18035888671875,0
Those grandsons of Larry irritates one old grandmother and some gate irritates three.,Those grandsons of Larry irritates one grandmother and some gate irritates three old.,syntax,ellipsis,ellipsis_n_bar_1,True,False,False,False,59,-138.6785888671875,-137.84402465820312,0
These mothers of Lori haven't helped one good teenager and Sharon had helped four.,These mothers of Lori haven't helped one teenager and Sharon had helped four good.,syntax,ellipsis,ellipsis_n_bar_1,True,False,False,False,60,-115.95464324951172,-118.34744262695312,1
Those schools will bother one displeased senator and that dress will bother three.,Those schools will bother one senator and that dress will bother three displeased.,syntax,ellipsis,ellipsis_n_bar_1,True,False,False,False,61,-104.42605590820312,-104.08528137207031,0
The women boast about no unsure senators and Stacy's ex-boyfriends boast about some.,The women boast about no senators and Stacy's ex-boyfriends boast about some unsure.,syntax,ellipsis,ellipsis_n_bar_1,True,False,False,False,62,-148.0360870361328,-146.6050262451172,0
Stephanie should kiss one excited friend of and Omar should kiss more.,Stephanie should kiss one friend of and Omar should kiss more excited.,syntax,ellipsis,ellipsis_n_bar_1,True,False,False,False,63,-108.97945404052734,-105.1793212890625,0
Beth isn't hurting four out in the open daughters and some school isn't hurting five.,Beth isn't hurting four daughters and some school isn't hurting five out in the open.,syntax,ellipsis,ellipsis_n_bar_1,True,False,False,False,64,-133.803466796875,-128.8806915283203,0
Derek's associates clean one old hospital and senators clean a lot.,Derek's associates clean one hospital and senators clean a lot old.,syntax,ellipsis,ellipsis_n_bar_1,True,False,False,False,65,-105.34886169433594,-109.30094909667969,1
Many slopes will resemble one yellow photograph of and Danielle will resemble two.,Many slopes will resemble one photograph of and Danielle will resemble two yellow.,syntax,ellipsis,ellipsis_n_bar_1,True,False,False,False,66,-113.17308807373047,-114.11686706542969,1
A man wasn't shocking one determined boy and Donna's nephew wasn't shocking some.,A man wasn't shocking one boy and Donna's nephew wasn't shocking some determined.,syntax,ellipsis,ellipsis_n_bar_1,True,False,False,False,67,-132.08447265625,-125.61122131347656,0
Julia hasn't remembered one determined son and Tammy's boyfriend hasn't remembered several.,Julia hasn't remembered one son and Tammy's boyfriend hasn't remembered several determined.,syntax,ellipsis,ellipsis_n_bar_1,True,False,False,False,68,-115.69989013671875,-111.03903198242188,0
Keith's ex-boyfriends visit several ill patients and these customers visit a few.,Keith's ex-boyfriends visit several patients and these customers visit a few ill.,syntax,ellipsis,ellipsis_n_bar_1,True,False,False,False,69,-115.80979919433594,-113.63064575195312,0
Ronald's father cared for one young woman and that teenager cared for many.,Ronald's father cared for one woman and that teenager cared for many young.,syntax,ellipsis,ellipsis_n_bar_1,True,False,False,False,70,-95.7359390258789,-94.2024917602539,0
Keith's contractors can mess up two small shoes and Jodi can mess up three.,Keith's contractors can mess up two shoes and Jodi can mess up three small.,syntax,ellipsis,ellipsis_n_bar_1,True,False,False,False,71,-113.68754577636719,-116.9994888305664,1
That cilantro had annoyed three out in the open adults and some shoes had annoyed two.,That cilantro had annoyed three adults and some shoes had annoyed two out in the open.,syntax,ellipsis,ellipsis_n_bar_1,True,False,False,False,72,-135.62567138671875,-134.1537628173828,0
Jerry questions five bad French teachers and Karen questions four.,Jerry questions five French teachers and Karen questions four bad.,syntax,ellipsis,ellipsis_n_bar_1,True,False,False,False,73,-92.21786499023438,-92.50164794921875,1
Diana has one rough car and the lady has three.,Diana has one car and the lady has three rough.,syntax,ellipsis,ellipsis_n_bar_1,True,False,False,False,74,-74.64147186279297,-74.60736083984375,0
Victoria appreciated few concealed employees and Craig's brothers appreciated many.,Victoria appreciated few employees and Craig's brothers appreciated many concealed.,syntax,ellipsis,ellipsis_n_bar_1,True,False,False,False,75,-96.63165283203125,-94.67642974853516,0
Aaron hasn't helped one lucky father of and Samuel hasn't helped at least as many.,Aaron hasn't helped one father of and Samuel hasn't helped at least as many lucky.,syntax,ellipsis,ellipsis_n_bar_1,True,False,False,False,76,-111.05611419677734,-109.59275817871094,0
Curtis bikes to one important glacier and Kevin bikes to two.,Curtis bikes to one glacier and Kevin bikes to two important.,syntax,ellipsis,ellipsis_n_bar_1,True,False,False,False,77,-111.9879150390625,-111.31976318359375,0
Renee had noticed one fast waiter and a mother of Erin had noticed three.,Renee had noticed one waiter and a mother of Erin had noticed three fast.,syntax,ellipsis,ellipsis_n_bar_1,True,False,False,False,78,-106.32120513916016,-106.20016479492188,0
The Impressionists concealed three exposed snakes and Elizabeth concealed at least as many.,The Impressionists concealed three snakes and Elizabeth concealed at least as many exposed.,syntax,ellipsis,ellipsis_n_bar_1,True,False,False,False,79,-130.77911376953125,-129.36627197265625,0
A sketch is looking like one good unicycle and some drawing of the malls is looking like more.,A sketch is looking like one unicycle and some drawing of the malls is looking like more good.,syntax,ellipsis,ellipsis_n_bar_1,True,False,False,False,80,-136.18515014648438,-134.66781616210938,0
Caroline shocked a few determined grandmothers and some pasta shocked several.,Caroline shocked a few grandmothers and some pasta shocked several determined.,syntax,ellipsis,ellipsis_n_bar_1,True,False,False,False,81,-111.54822540283203,-108.04762268066406,0
These fathers of Brad helped four unemployed classmates and Andrea helped five.,These fathers of Brad helped four classmates and Andrea helped five unemployed.,syntax,ellipsis,ellipsis_n_bar_1,True,False,False,False,82,-106.39482879638672,-103.46593475341797,0
Fathers of Jesus worries one lucky patient and literature worries some.,Fathers of Jesus worries one patient and literature worries some lucky.,syntax,ellipsis,ellipsis_n_bar_1,True,False,False,False,83,-95.19788360595703,-93.5915298461914,0
A glacier aggravated several old waitresses and Heather's daughters aggravated a few.,A glacier aggravated several waitresses and Heather's daughters aggravated a few old.,syntax,ellipsis,ellipsis_n_bar_1,True,False,False,False,84,-143.53390502929688,-142.79107666015625,0
These dancers hate one smart son of and Heather's podiatrists hate five.,These dancers hate one son of and Heather's podiatrists hate five smart.,syntax,ellipsis,ellipsis_n_bar_1,True,False,False,False,85,-139.6954803466797,-137.05575561523438,0
Danielle messes up few good hospitals and Amy messes up many.,Danielle messes up few hospitals and Amy messes up many good.,syntax,ellipsis,ellipsis_n_bar_1,True,False,False,False,86,-109.43828582763672,-109.0689926147461,0
Diane's supervisors haven't broken a few purple bicycles and Jerry hasn't broken several.,Diane's supervisors haven't broken a few bicycles and Jerry hasn't broken several purple.,syntax,ellipsis,ellipsis_n_bar_1,True,False,False,False,87,-129.8635711669922,-128.77845764160156,0
Judy can't wear a few old sweaters and Travis can't wear several.,Judy can't wear a few sweaters and Travis can't wear several old.,syntax,ellipsis,ellipsis_n_bar_1,True,False,False,False,88,-97.00086975097656,-95.77787780761719,0
All teenagers discuss four small movie theaters and this driver's dermatologists discuss five.,All teenagers discuss four movie theaters and this driver's dermatologists discuss five small.,syntax,ellipsis,ellipsis_n_bar_1,True,False,False,False,89,-131.15292358398438,-132.26254272460938,1
That box annoys one delighted granddaughter and every jacket annoys a lot.,That box annoys one granddaughter and every jacket annoys a lot delighted.,syntax,ellipsis,ellipsis_n_bar_1,True,False,False,False,90,-110.9583969116211,-110.22076416015625,0
Winston Churchill shouldn't remember one good story and Amy shouldn't remember few.,Winston Churchill shouldn't remember one story and Amy shouldn't remember few good.,syntax,ellipsis,ellipsis_n_bar_1,True,False,False,False,91,-105.93553161621094,-106.20295715332031,1
Melanie didn't run around one purple cafe and Rose didn't run around a lot.,Melanie didn't run around one cafe and Rose didn't run around a lot purple.,syntax,ellipsis,ellipsis_n_bar_1,True,False,False,False,92,-104.837158203125,-108.04647827148438,1
Jerry has aggravated three excited lawyers and Laura has aggravated almost as many.,Jerry has aggravated three lawyers and Laura has aggravated almost as many excited.,syntax,ellipsis,ellipsis_n_bar_1,True,False,False,False,93,-112.26488494873047,-110.49984741210938,0
Some shoes hadn't upset one unsure sister of and Dennis's dermatologist hadn't upset more.,Some shoes hadn't upset one sister of and Dennis's dermatologist hadn't upset more unsure.,syntax,ellipsis,ellipsis_n_bar_1,True,False,False,False,94,-146.36767578125,-144.69375610351562,0
These students hadn't exited no hidden cafes and Eva hadn't exited some.,These students hadn't exited no cafes and Eva hadn't exited some hidden.,syntax,ellipsis,ellipsis_n_bar_1,True,False,False,False,95,-113.97576141357422,-113.5487289428711,0
Brenda had broken one white cup and Donald had broken some.,Brenda had broken one cup and Donald had broken some white.,syntax,ellipsis,ellipsis_n_bar_1,True,False,False,False,96,-78.66117858886719,-77.7925033569336,0
Sabrina wasn't exiting three new closets and Sarah wasn't exiting more.,Sabrina wasn't exiting three closets and Sarah wasn't exiting more new.,syntax,ellipsis,ellipsis_n_bar_1,True,False,False,False,97,-118.73133850097656,-121.41744995117188,1
Natalie's daughters tour one green hill and all teenagers tour two.,Natalie's daughters tour one hill and all teenagers tour two green.,syntax,ellipsis,ellipsis_n_bar_1,True,False,False,False,98,-107.18671417236328,-107.0202865600586,0
Janice investigates many concealed ladies and Cheryl investigates few.,Janice investigates many ladies and Cheryl investigates few concealed.,syntax,ellipsis,ellipsis_n_bar_1,True,False,False,False,99,-107.63513946533203,-106.49180603027344,0
David's teacher can't complain about one troubled brother and Katherine can't complain about five.,David's teacher can't complain about one brother and Katherine can't complain about five troubled.,syntax,ellipsis,ellipsis_n_bar_1,True,False,False,False,100,-102.14411926269531,-101.47979736328125,0
Ellen does fix two orange chairs and Eric does fix three.,Ellen does fix two chairs and Eric does fix three orange.,syntax,ellipsis,ellipsis_n_bar_1,True,False,False,False,101,-99.0307388305664,-100.26589965820312,1
A lot of prints looked like one blue casserole and all drawings of a pie looked like more.,A lot of prints looked like one casserole and all drawings of a pie looked like more blue.,syntax,ellipsis,ellipsis_n_bar_1,True,False,False,False,102,-146.40054321289062,-146.93272399902344,1
Benjamin will boycott four bad committees and Jodi will boycott five.,Benjamin will boycott four committees and Jodi will boycott five bad.,syntax,ellipsis,ellipsis_n_bar_1,True,False,False,False,103,-125.80986785888672,-125.14558410644531,0
Sabrina loves three clever grandsons and the guest loves almost as many.,Sabrina loves three grandsons and the guest loves almost as many clever.,syntax,ellipsis,ellipsis_n_bar_1,True,False,False,False,104,-118.9276123046875,-115.92179870605469,0
The cashiers could hurt one important waitress and Brad could hurt a lot.,The cashiers could hurt one waitress and Brad could hurt a lot important.,syntax,ellipsis,ellipsis_n_bar_1,True,False,False,False,105,-106.10372924804688,-107.72960662841797,1
Winston Churchill is distracting one scared driver and Alicia is distracting a few.,Winston Churchill is distracting one driver and Alicia is distracting a few scared.,syntax,ellipsis,ellipsis_n_bar_1,True,False,False,False,106,-109.94601440429688,-106.38289642333984,0
Some child doesn't wear one white dress and Renee doesn't wear many.,Some child doesn't wear one dress and Renee doesn't wear many white.,syntax,ellipsis,ellipsis_n_bar_1,True,False,False,False,107,-99.69049072265625,-100.61589813232422,1
Some girl isn't exiting one green hill and some adult's dermatologists are exiting two.,Some girl isn't exiting one hill and some adult's dermatologists are exiting two green.,syntax,ellipsis,ellipsis_n_bar_1,True,False,False,False,108,-143.73941040039062,-144.18927001953125,1
Paul hadn't astounded one serious ex-wife and some painting hadn't astounded several.,Paul hadn't astounded one ex-wife and some painting hadn't astounded several serious.,syntax,ellipsis,ellipsis_n_bar_1,True,False,False,False,109,-131.883544921875,-128.6934814453125,0
This high school confuses one hard bank and most teachers confuses some.,This high school confuses one bank and most teachers confuses some hard.,syntax,ellipsis,ellipsis_n_bar_1,True,False,False,False,110,-116.16236877441406,-112.82723236083984,0
Andrew wasn't working with a few excited sons of and Tamara wasn't working with several.,Andrew wasn't working with a few sons of and Tamara wasn't working with several excited.,syntax,ellipsis,ellipsis_n_bar_1,True,False,False,False,111,-112.24394226074219,-106.74336242675781,0
Larry walked through one dirty museum and every senator walked through many.,Larry walked through one museum and every senator walked through many dirty.,syntax,ellipsis,ellipsis_n_bar_1,True,False,False,False,112,-93.57511901855469,-90.55221557617188,0
Theresa has two small banks and Timothy has three.,Theresa has two banks and Timothy has three small.,syntax,ellipsis,ellipsis_n_bar_1,True,False,False,False,113,-65.61121368408203,-66.44972229003906,1
All people's dermatologist can watch one unsure cousin of and all nephews of Kathleen can watch a few.,All people's dermatologist can watch one cousin of and all nephews of Kathleen can watch a few unsure.,syntax,ellipsis,ellipsis_n_bar_1,True,False,False,False,114,-154.74362182617188,-149.8378448486328,0
Beverly has investigated one long wife and that driver has investigated a few.,Beverly has investigated one wife and that driver has investigated a few long.,syntax,ellipsis,ellipsis_n_bar_1,True,False,False,False,115,-112.24356842041016,-108.45465087890625,0
Catherine climbs up three smooth slopes and Wayne climbs up fewer.,Catherine climbs up three slopes and Wayne climbs up fewer smooth.,syntax,ellipsis,ellipsis_n_bar_1,True,False,False,False,116,-101.84968566894531,-102.87336730957031,1
Jessica's podiatrists were disagreeing with many unemployed waiters and Teresa's podiatrist is disagreeing with few.,Jessica's podiatrists were disagreeing with many waiters and Teresa's podiatrist is disagreeing with few unemployed.,syntax,ellipsis,ellipsis_n_bar_1,True,False,False,False,117,-210.80506896972656,-206.97157287597656,0
Elizabeth didn't admire a few exposed shirts and Rodney didn't admire a lot.,Elizabeth didn't admire a few shirts and Rodney didn't admire a lot exposed.,syntax,ellipsis,ellipsis_n_bar_1,True,False,False,False,118,-96.22776794433594,-97.76603698730469,1
Regina's hairdresser might wear five dirty gloves and a child's lawyer might wear four.,Regina's hairdresser might wear five gloves and a child's lawyer might wear four dirty.,syntax,ellipsis,ellipsis_n_bar_1,True,False,False,False,119,-136.41085815429688,-137.98915100097656,1
That horse had embarrassed few fast supervisors and all friends of Kayla had embarrassed many.,That horse had embarrassed few supervisors and all friends of Kayla had embarrassed many fast.,syntax,ellipsis,ellipsis_n_bar_1,True,False,False,False,120,-137.66275024414062,-138.36471557617188,1
The horses were descending one exposed ladder and Andrea wasn't descending two.,The horses were descending one ladder and Andrea wasn't descending two exposed.,syntax,ellipsis,ellipsis_n_bar_1,True,False,False,False,121,-111.72834777832031,-108.16841888427734,0
Janet discusses one red river and Debra discusses at least as many.,Janet discusses one river and Debra discusses at least as many red.,syntax,ellipsis,ellipsis_n_bar_1,True,False,False,False,122,-113.00051879882812,-111.97530364990234,0
The grandfathers of women fix one old bicycle and many granddaughters of Jessica fix at least as many.,The grandfathers of women fix one bicycle and many granddaughters of Jessica fix at least as many old.,syntax,ellipsis,ellipsis_n_bar_1,True,False,False,False,123,-157.19473266601562,-155.82904052734375,0
Ronald's student is discovering one hopeful father and every cousin of Becky is discovering some.,Ronald's student is discovering one father and every cousin of Becky is discovering some hopeful.,syntax,ellipsis,ellipsis_n_bar_1,True,False,False,False,124,-135.55691528320312,-129.8948974609375,0
That picture of Stacy shocks a lot of excited classmates and a play shocks a few.,That picture of Stacy shocks a lot of classmates and a play shocks a few excited.,syntax,ellipsis,ellipsis_n_bar_1,True,False,False,False,125,-117.24526977539062,-113.4747314453125,0
Sonia examines one displeased nephew of and an actress examines two.,Sonia examines one nephew of and an actress examines two displeased.,syntax,ellipsis,ellipsis_n_bar_1,True,False,False,False,126,-129.78248596191406,-127.27474212646484,0
Many pedestrians wear one bad glove and these teenagers wear a lot.,Many pedestrians wear one glove and these teenagers wear a lot bad.,syntax,ellipsis,ellipsis_n_bar_1,True,False,False,False,127,-84.14096069335938,-87.34302520751953,1
Janet discusses three uncertain contractors and the niece of pedestrians discusses at least as many.,Janet discusses three contractors and the niece of pedestrians discusses at least as many uncertain.,syntax,ellipsis,ellipsis_n_bar_1,True,False,False,False,128,-137.0079345703125,-133.80914306640625,0
Rachel's friends couldn't heal several big mentees and Stephen couldn't heal a few.,Rachel's friends couldn't heal several mentees and Stephen couldn't heal a few big.,syntax,ellipsis,ellipsis_n_bar_1,True,False,False,False,129,-114.06842041015625,-114.02973937988281,0
Some adult's nephew couldn't argue about few smart piano teachers and Naomi's cousin couldn't argue about many.,Some adult's nephew couldn't argue about few piano teachers and Naomi's cousin couldn't argue about many smart.,syntax,ellipsis,ellipsis_n_bar_1,True,False,False,False,130,-147.28848266601562,-146.86495971679688,0
George is going to one purple mall and Katherine is going to five.,George is going to one mall and Katherine is going to five purple.,syntax,ellipsis,ellipsis_n_bar_1,True,False,False,False,131,-76.42518615722656,-74.7589340209961,0
Stacy's podiatrist had boycotted one brown lake and Winston Churchill's cousins had boycotted five.,Stacy's podiatrist had boycotted one lake and Winston Churchill's cousins had boycotted five brown.,syntax,ellipsis,ellipsis_n_bar_1,True,False,False,False,132,-203.1126251220703,-204.0233154296875,1
Teresa's dermatologists referenced a lot of smart fathers of and Theresa referenced a few.,Teresa's dermatologists referenced a lot of fathers of and Theresa referenced a few smart.,syntax,ellipsis,ellipsis_n_bar_1,True,False,False,False,133,-133.46173095703125,-131.61019897460938,0
Heather hasn't approached one small doctor and Homer hasn't approached some.,Heather hasn't approached one doctor and Homer hasn't approached some small.,syntax,ellipsis,ellipsis_n_bar_1,True,False,False,False,134,-106.47736358642578,-104.50690460205078,0
Melissa has skated around three bad cafes and Denise has skated around at least as many.,Melissa has skated around three cafes and Denise has skated around at least as many bad.,syntax,ellipsis,ellipsis_n_bar_1,True,False,False,False,135,-134.6971435546875,-137.48570251464844,1
Guy wears one soft blouse and Wendy wears several.,Guy wears one blouse and Wendy wears several soft.,syntax,ellipsis,ellipsis_n_bar_1,True,False,False,False,136,-80.12553405761719,-80.12432861328125,0
John's daughter walks through one messy library and Mary walks through several.,John's daughter walks through one library and Mary walks through several messy.,syntax,ellipsis,ellipsis_n_bar_1,True,False,False,False,137,-89.2791748046875,-86.09107208251953,0
Those actors' electrician has descended three blue stairs and all guests' employee has descended almost as many.,Those actors' electrician has descended three stairs and all guests' employee has descended almost as many blue.,syntax,ellipsis,ellipsis_n_bar_1,True,False,False,False,138,-155.19329833984375,-155.5405731201172,1
Theodore's granddaughters observe a lot of hopeful mentors and many nieces of Kirsten observe a few.,Theodore's granddaughters observe a lot of mentors and many nieces of Kirsten observe a few hopeful.,syntax,ellipsis,ellipsis_n_bar_1,True,False,False,False,139,-182.20608520507812,-178.54364013671875,0
Ruth's electrician concealed one hopeful teenager and Heidi concealed several.,Ruth's electrician concealed one teenager and Heidi concealed several hopeful.,syntax,ellipsis,ellipsis_n_bar_1,True,False,False,False,140,-140.53964233398438,-135.40283203125,0
A lot of guests biked to three black rivers and Regina biked to at least as many.,A lot of guests biked to three rivers and Regina biked to at least as many black.,syntax,ellipsis,ellipsis_n_bar_1,True,False,False,False,141,-152.25775146484375,-150.98858642578125,0
Randolf's mentees heal several old employees and Beth's handymen heal a few.,Randolf's mentees heal several employees and Beth's handymen heal a few old.,syntax,ellipsis,ellipsis_n_bar_1,True,False,False,False,142,-143.251953125,-142.64108276367188,0
Travis breaks one brown convertible and Roger breaks several.,Travis breaks one convertible and Roger breaks several brown.,syntax,ellipsis,ellipsis_n_bar_1,True,False,False,False,143,-102.05728912353516,-100.73677825927734,0
Martha scared one big supervisor and every book about art scared three.,Martha scared one supervisor and every book about art scared three big.,syntax,ellipsis,ellipsis_n_bar_1,True,False,False,False,144,-101.85346984863281,-103.33709716796875,1
Robert might alarm a lot of sick podiatrists and Renee might alarm a few.,Robert might alarm a lot of podiatrists and Renee might alarm a few sick.,syntax,ellipsis,ellipsis_n_bar_1,True,False,False,False,145,-140.549072265625,-138.21685791015625,0
Some grandmothers of Beth bike to no gray college campuses and Tara's dentists bike to some.,Some grandmothers of Beth bike to no college campuses and Tara's dentists bike to some gray.,syntax,ellipsis,ellipsis_n_bar_1,True,False,False,False,146,-165.52650451660156,-164.8448486328125,0
Naomi complains about a few ill customers and Larry complains about a lot.,Naomi complains about a few customers and Larry complains about a lot ill.,syntax,ellipsis,ellipsis_n_bar_1,True,False,False,False,147,-93.31663513183594,-94.79566955566406,1
Denise might boast about a few out in the open mentees and a pedestrian might boast about several.,Denise might boast about a few mentees and a pedestrian might boast about several out in the open.,syntax,ellipsis,ellipsis_n_bar_1,True,False,False,False,148,-153.41070556640625,-147.59500122070312,0
Nicole was concealing five smooth casseroles and that person was concealing four.,Nicole was concealing five casseroles and that person was concealing four smooth.,syntax,ellipsis,ellipsis_n_bar_1,True,False,False,False,149,-134.5685577392578,-135.8062744140625,1
Vanessa hadn't questioned one old niece and Charles hadn't questioned five.,Vanessa hadn't questioned one niece and Charles hadn't questioned five old.,syntax,ellipsis,ellipsis_n_bar_1,True,False,False,False,150,-100.59746551513672,-99.286376953125,0
Many sons of those teachers forget three confident nephews and all brothers of Denise forget almost as many.,Many sons of those teachers forget three nephews and all brothers of Denise forget almost as many confident.,syntax,ellipsis,ellipsis_n_bar_1,True,False,False,False,151,-146.70504760742188,-142.21051025390625,0
The jacket bores one unconvinced classmate and some library bores several.,The jacket bores one classmate and some library bores several unconvinced.,syntax,ellipsis,ellipsis_n_bar_1,True,False,False,False,152,-144.29721069335938,-143.43798828125,0
Ella was researching a few scared ex-boyfriends and Mary was researching several.,Ella was researching a few ex-boyfriends and Mary was researching several scared.,syntax,ellipsis,ellipsis_n_bar_1,True,False,False,False,153,-123.36599731445312,-119.18590545654297,0
Rose drove to three important libraries and Daniel drove to at least as many.,Rose drove to three libraries and Daniel drove to at least as many important.,syntax,ellipsis,ellipsis_n_bar_1,True,False,False,False,154,-101.09638977050781,-98.6853256225586,0
A brother of Rachelle has explored five black college campuses and Erin has explored four.,A brother of Rachelle has explored five college campuses and Erin has explored four black.,syntax,ellipsis,ellipsis_n_bar_1,True,False,False,False,155,-142.01699829101562,-141.18646240234375,0
Gerald breaks one white skateboard and Kimberley breaks five.,Gerald breaks one skateboard and Kimberley breaks five white.,syntax,ellipsis,ellipsis_n_bar_1,True,False,False,False,156,-109.80425262451172,-109.0234146118164,0
A lot of dancers leave few small guests and Deborah's ex-boyfriends leave many.,A lot of dancers leave few guests and Deborah's ex-boyfriends leave many small.,syntax,ellipsis,ellipsis_n_bar_1,True,False,False,False,157,-144.34088134765625,-144.73220825195312,1
Most guys clean one small couch and that boy's nephews clean few.,Most guys clean one couch and that boy's nephews clean few small.,syntax,ellipsis,ellipsis_n_bar_1,True,False,False,False,158,-95.52203369140625,-95.06336212158203,0
The Impressionists break one yellow computer and these adults break a few.,The Impressionists break one computer and these adults break a few yellow.,syntax,ellipsis,ellipsis_n_bar_1,True,False,False,False,159,-103.62482452392578,-101.71874237060547,0
That sister of the Impressionists revealed three smart nieces of and Matt revealed more.,That sister of the Impressionists revealed three nieces of and Matt revealed more smart.,syntax,ellipsis,ellipsis_n_bar_1,True,False,False,False,160,-147.1939697265625,-145.78810119628906,0
The Lutherans climb down three blue ladders and Heather's partners climb down fewer.,The Lutherans climb down three ladders and Heather's partners climb down fewer blue.,syntax,ellipsis,ellipsis_n_bar_1,True,False,False,False,161,-132.02774047851562,-133.48031616210938,1
Kristin didn't reference one content mentee and Kendra didn't reference at least as many.,Kristin didn't reference one mentee and Kendra didn't reference at least as many content.,syntax,ellipsis,ellipsis_n_bar_1,True,False,False,False,162,-149.10861206054688,-142.435302734375,0
The book resembled no orange photographs and these jackets resembled some.,The book resembled no photographs and these jackets resembled some orange.,syntax,ellipsis,ellipsis_n_bar_1,True,False,False,False,163,-95.03010559082031,-95.61257934570312,1
A lot of people might kiss three unconvinced bosses and Jessica might kiss almost as many.,A lot of people might kiss three bosses and Jessica might kiss almost as many unconvinced.,syntax,ellipsis,ellipsis_n_bar_1,True,False,False,False,164,-152.91552734375,-151.39111328125,0
Jesus hired three serious mentors and Carrie's contractor hired fewer.,Jesus hired three mentors and Carrie's contractor hired fewer serious.,syntax,ellipsis,ellipsis_n_bar_1,True,False,False,False,165,-100.89958190917969,-101.07054138183594,1
Derek loves one unemployed nephew and Allison loves some.,Derek loves one nephew and Allison loves some unemployed.,syntax,ellipsis,ellipsis_n_bar_1,True,False,False,False,166,-92.8127670288086,-88.00672912597656,0
Those actresses scanned several big classmates and Katherine scanned a few.,Those actresses scanned several classmates and Katherine scanned a few big.,syntax,ellipsis,ellipsis_n_bar_1,True,False,False,False,167,-96.19279479980469,-97.93010711669922,1
Every grandmother of Rachelle breaks one black wheelbarrow and Wayne's mother breaks two.,Every grandmother of Rachelle breaks one wheelbarrow and Wayne's mother breaks two black.,syntax,ellipsis,ellipsis_n_bar_1,True,False,False,False,168,-136.15277099609375,-137.08010864257812,1
The story about Spain is hurting one excited guy and that doctor is hurting five.,The story about Spain is hurting one guy and that doctor is hurting five excited.,syntax,ellipsis,ellipsis_n_bar_1,True,False,False,False,169,-103.27374267578125,-97.81005859375,0
Dan remembers four old art galleries and Sally remembers five.,Dan remembers four art galleries and Sally remembers five old.,syntax,ellipsis,ellipsis_n_bar_1,True,False,False,False,170,-82.42455291748047,-85.99015808105469,1
That print distracts one hopeful lady and this lamp distracts several.,That print distracts one lady and this lamp distracts several hopeful.,syntax,ellipsis,ellipsis_n_bar_1,True,False,False,False,171,-123.44186401367188,-119.05426025390625,0
Some patient investigates five displeased fathers of and Melissa investigates four.,Some patient investigates five fathers of and Melissa investigates four displeased.,syntax,ellipsis,ellipsis_n_bar_1,True,False,False,False,172,-122.21324157714844,-122.76163482666016,1
Lissa wouldn't clean two popular eyes and Kayla wouldn't clean three.,Lissa wouldn't clean two eyes and Kayla wouldn't clean three popular.,syntax,ellipsis,ellipsis_n_bar_1,True,False,False,False,173,-110.31292724609375,-109.42015075683594,0
Many cashiers hadn't disliked a few hopeful lawyers and Rose hadn't disliked several.,Many cashiers hadn't disliked a few lawyers and Rose hadn't disliked several hopeful.,syntax,ellipsis,ellipsis_n_bar_1,True,False,False,False,174,-127.44676971435547,-124.54988098144531,0
Many sketches looked like one lucky daughter of and this painting of the candles looked like three.,Many sketches looked like one daughter of and this painting of the candles looked like three lucky.,syntax,ellipsis,ellipsis_n_bar_1,True,False,False,False,175,-114.33973693847656,-113.65630340576172,0
These eyes distract a few scared guests and the teenagers distract several.,These eyes distract a few guests and the teenagers distract several scared.,syntax,ellipsis,ellipsis_n_bar_1,True,False,False,False,176,-94.91001892089844,-90.3131332397461,0
That high school disgusted one scared piano teacher and that fish disgusted four.,That high school disgusted one piano teacher and that fish disgusted four scared.,syntax,ellipsis,ellipsis_n_bar_1,True,False,False,False,177,-108.81460571289062,-107.81098937988281,0
Tonya sounds like one ill daughter and Allison sounds like several.,Tonya sounds like one daughter and Allison sounds like several ill.,syntax,ellipsis,ellipsis_n_bar_1,True,False,False,False,178,-87.6220703125,-82.65228271484375,0
Theodore won't talk about one content mentor and Bradley won't talk about few.,Theodore won't talk about one mentor and Bradley won't talk about few content.,syntax,ellipsis,ellipsis_n_bar_1,True,False,False,False,179,-112.72274780273438,-106.11579895019531,0
Alan hadn't thought about one out in the open wheelbarrow and Bill's granddaughter hadn't thought about few.,Alan hadn't thought about one wheelbarrow and Bill's granddaughter hadn't thought about few out in the open.,syntax,ellipsis,ellipsis_n_bar_1,True,False,False,False,180,-132.4864501953125,-131.82199096679688,0
Many legislatures admire several exposed windows and teachers admire a few.,Many legislatures admire several windows and teachers admire a few exposed.,syntax,ellipsis,ellipsis_n_bar_1,True,False,False,False,181,-94.2877197265625,-91.64542388916016,0
The brothers of Colleen hire three excited dermatologists and most guests hire more.,The brothers of Colleen hire three dermatologists and most guests hire more excited.,syntax,ellipsis,ellipsis_n_bar_1,True,False,False,False,182,-130.47933959960938,-129.8194580078125,0
Aaron doesn't find many delighted French teachers and Edward's sisters don't find few.,Aaron doesn't find many French teachers and Edward's sisters don't find few delighted.,syntax,ellipsis,ellipsis_n_bar_1,True,False,False,False,183,-104.77973937988281,-99.79036712646484,0
Those friends of Lissa notice three bad hamsters and Barbara's nephews notice two.,Those friends of Lissa notice three hamsters and Barbara's nephews notice two bad.,syntax,ellipsis,ellipsis_n_bar_1,True,False,False,False,184,-131.82846069335938,-132.1084442138672,1
Every drawing of many glasses should look like one good dog and those paintings of most books should look like many.,Every drawing of many glasses should look like one dog and those paintings of most books should look like many good.,syntax,ellipsis,ellipsis_n_bar_1,True,False,False,False,185,-142.46585083007812,-142.598876953125,1
Most rivers disgust one content ex-boyfriend and the gates disgust many.,Most rivers disgust one ex-boyfriend and the gates disgust many content.,syntax,ellipsis,ellipsis_n_bar_1,True,False,False,False,186,-127.93697357177734,-120.03006744384766,0
Mitchell explores one exposed glacier and Denise explores many.,Mitchell explores one glacier and Denise explores many exposed.,syntax,ellipsis,ellipsis_n_bar_1,True,False,False,False,187,-103.83329772949219,-99.3966064453125,0
Some father of Sonia hadn't toured a few new art galleries and Diana hadn't toured several.,Some father of Sonia hadn't toured a few art galleries and Diana hadn't toured several new.,syntax,ellipsis,ellipsis_n_bar_1,True,False,False,False,188,-145.25772094726562,-147.19482421875,1
Jason shouldn't embarrass one concealed mentee and the sketch shouldn't embarrass a lot.,Jason shouldn't embarrass one mentee and the sketch shouldn't embarrass a lot concealed.,syntax,ellipsis,ellipsis_n_bar_1,True,False,False,False,189,-117.04579162597656,-120.9210433959961,1
A lot of friends of Rachelle passed two clean libraries and Melinda passed three.,A lot of friends of Rachelle passed two libraries and Melinda passed three clean.,syntax,ellipsis,ellipsis_n_bar_1,True,False,False,False,190,-132.51377868652344,-133.49819946289062,1
Clyde's supervisors question several employed ladies and Allison's mothers question a few.,Clyde's supervisors question several ladies and Allison's mothers question a few employed.,syntax,ellipsis,ellipsis_n_bar_1,True,False,False,False,191,-143.99110412597656,-139.87265014648438,0
Richard wasn't attacking four long senators and some sisters of this lady were attacking five.,Richard wasn't attacking four senators and some sisters of this lady were attacking five long.,syntax,ellipsis,ellipsis_n_bar_1,True,False,False,False,192,-111.80839538574219,-111.73316192626953,0
Brad noticed one nice friend and Eva's hairdresser noticed a lot.,Brad noticed one friend and Eva's hairdresser noticed a lot nice.,syntax,ellipsis,ellipsis_n_bar_1,True,False,False,False,193,-98.90351867675781,-105.63174438476562,1
Alexander's associates hug one employed friend of and some guys hug at least as many.,Alexander's associates hug one friend of and some guys hug at least as many employed.,syntax,ellipsis,ellipsis_n_bar_1,True,False,False,False,194,-117.30828857421875,-111.11505126953125,0
Brian listens to several content ladies and Angela listens to a few.,Brian listens to several ladies and Angela listens to a few content.,syntax,ellipsis,ellipsis_n_bar_1,True,False,False,False,195,-82.63900756835938,-78.37738037109375,0
Amy isn't complaining about one bad commentary about and Frank isn't complaining about four.,Amy isn't complaining about one commentary about and Frank isn't complaining about four bad.,syntax,ellipsis,ellipsis_n_bar_1,True,False,False,False,196,-103.51118469238281,-107.2579116821289,1
The mothers of some dancers are questioning five serious fathers and Tanya wasn't questioning four.,The mothers of some dancers are questioning five fathers and Tanya wasn't questioning four serious.,syntax,ellipsis,ellipsis_n_bar_1,True,False,False,False,197,-133.290771484375,-133.31698608398438,1
Leslie had explored one old closet and Douglas's sisters had explored two.,Leslie had explored one closet and Douglas's sisters had explored two old.,syntax,ellipsis,ellipsis_n_bar_1,True,False,False,False,198,-106.68515014648438,-105.39544677734375,0
James's friends ascend three small mountains and a lot of patients ascend more.,James's friends ascend three mountains and a lot of patients ascend more small.,syntax,ellipsis,ellipsis_n_bar_1,True,False,False,False,199,-103.31561279296875,-106.43579864501953,1
Peter had hired one good podiatrist and Jesus had hired several.,Peter had hired one podiatrist and Jesus had hired several good.,syntax,ellipsis,ellipsis_n_bar_1,True,False,False,False,200,-102.71856689453125,-102.90826416015625,1
Angela's tutors don't describe a few out in the open dancers and Brian could describe several.,Angela's tutors don't describe a few dancers and Brian could describe several out in the open.,syntax,ellipsis,ellipsis_n_bar_1,True,False,False,False,201,-136.26084899902344,-133.6004638671875,0
Erin's nephews haven't thought about one gray computer and Lisa has thought about four.,Erin's nephews haven't thought about one computer and Lisa has thought about four gray.,syntax,ellipsis,ellipsis_n_bar_1,True,False,False,False,202,-108.76236724853516,-108.66899108886719,0
Ronald's hairdressers are complaining about one upset wife and Sheila wasn't complaining about few.,Ronald's hairdressers are complaining about one wife and Sheila wasn't complaining about few upset.,syntax,ellipsis,ellipsis_n_bar_1,True,False,False,False,203,-140.02328491210938,-133.0262908935547,0
Ann walks through two rough high schools and Caroline walks through three.,Ann walks through two high schools and Caroline walks through three rough.,syntax,ellipsis,ellipsis_n_bar_1,True,False,False,False,204,-86.15091705322266,-85.6122055053711,0
Edward didn't reference one confident brother of and April's piano teachers didn't reference five.,Edward didn't reference one brother of and April's piano teachers didn't reference five confident.,syntax,ellipsis,ellipsis_n_bar_1,True,False,False,False,205,-134.145263671875,-131.92477416992188,0
Kayla shouldn't listen to one nice customer and Martha's guests shouldn't listen to some.,Kayla shouldn't listen to one customer and Martha's guests shouldn't listen to some nice.,syntax,ellipsis,ellipsis_n_bar_1,True,False,False,False,206,-108.696533203125,-105.46121215820312,0
Many guests looked like one brown sketch and Noah looked like at least as many.,Many guests looked like one sketch and Noah looked like at least as many brown.,syntax,ellipsis,ellipsis_n_bar_1,True,False,False,False,207,-105.83731079101562,-103.64813232421875,0
This actress's brothers insult two ill mothers and all adults' ex-husbands insult three.,This actress's brothers insult two mothers and all adults' ex-husbands insult three ill.,syntax,ellipsis,ellipsis_n_bar_1,True,False,False,False,208,-151.7517852783203,-150.052001953125,0
A lady's lawyers had passed several rough schools and Brenda had passed a few.,A lady's lawyers had passed several schools and Brenda had passed a few rough.,syntax,ellipsis,ellipsis_n_bar_1,True,False,False,False,209,-113.65516662597656,-113.82042694091797,1
Jessica has talked to a lot of big nieces and Lucille has talked to a few.,Jessica has talked to a lot of nieces and Lucille has talked to a few big.,syntax,ellipsis,ellipsis_n_bar_1,True,False,False,False,210,-105.87834930419922,-105.62751770019531,0
Craig questions one standing patient and Kirsten questions more.,Craig questions one patient and Kirsten questions more standing.,syntax,ellipsis,ellipsis_n_bar_1,True,False,False,False,211,-82.58086395263672,-84.6790542602539,1
Carolyn's daughters were walking through few concealed glaciers and Bradley isn't walking through many.,Carolyn's daughters were walking through few glaciers and Bradley isn't walking through many concealed.,syntax,ellipsis,ellipsis_n_bar_1,True,False,False,False,212,-130.4686279296875,-128.28187561035156,0
Phillip sees a few purple sweaters and Steven sees a lot.,Phillip sees a few sweaters and Steven sees a lot purple.,syntax,ellipsis,ellipsis_n_bar_1,True,False,False,False,213,-83.94763946533203,-86.19047546386719,1
Jason cleaned one whole couch and Rachelle cleaned some.,Jason cleaned one couch and Rachelle cleaned some whole.,syntax,ellipsis,ellipsis_n_bar_1,True,False,False,False,214,-86.23982238769531,-86.80618286132812,1
Marcus can confuse one fast niece and Katherine can confuse more.,Marcus can confuse one niece and Katherine can confuse more fast.,syntax,ellipsis,ellipsis_n_bar_1,True,False,False,False,215,-92.234375,-90.23860931396484,0
The boys had approached one delighted actress and that grandson of Holly had approached many.,The boys had approached one actress and that grandson of Holly had approached many delighted.,syntax,ellipsis,ellipsis_n_bar_1,True,False,False,False,216,-117.54014587402344,-113.32951354980469,0
Stacey goes to one concealed mall and Samuel goes to a lot.,Stacey goes to one mall and Samuel goes to a lot concealed.,syntax,ellipsis,ellipsis_n_bar_1,True,False,False,False,217,-90.12077331542969,-92.23751068115234,1
Those friends of Mitchell remember one excited student and Guy's oncologists remember two.,Those friends of Mitchell remember one student and Guy's oncologists remember two excited.,syntax,ellipsis,ellipsis_n_bar_1,True,False,False,False,218,-135.12979125976562,-131.97996520996094,0
A lot of actresses worry one good best friend and many chairs worry a few.,A lot of actresses worry one best friend and many chairs worry a few good.,syntax,ellipsis,ellipsis_n_bar_1,True,False,False,False,219,-122.80961608886719,-125.26820373535156,1
Thomas has concealed one lucky handyman and Grace has concealed some.,Thomas has concealed one handyman and Grace has concealed some lucky.,syntax,ellipsis,ellipsis_n_bar_1,True,False,False,False,220,-102.31713104248047,-101.18370056152344,0
Melinda distracted one big brother of and every spotlight distracted three.,Melinda distracted one brother of and every spotlight distracted three big.,syntax,ellipsis,ellipsis_n_bar_1,True,False,False,False,221,-112.76744079589844,-114.4664306640625,1
Alan's teachers argue about a lot of unsure partners and all grandsons of that dancer argue about a few.,Alan's teachers argue about a lot of partners and all grandsons of that dancer argue about a few unsure.,syntax,ellipsis,ellipsis_n_bar_1,True,False,False,False,222,-136.02908325195312,-135.54019165039062,0
Carrie ascended many orange stairs and Sandra's ex-boyfriends ascended few.,Carrie ascended many stairs and Sandra's ex-boyfriends ascended few orange.,syntax,ellipsis,ellipsis_n_bar_1,True,False,False,False,223,-129.09381103515625,-127.65391540527344,0
Brothers of those teachers listen to one uncertain grandfather and these drivers listen to four.,Brothers of those teachers listen to one grandfather and these drivers listen to four uncertain.,syntax,ellipsis,ellipsis_n_bar_1,True,False,False,False,224,-108.04093170166016,-107.23458862304688,0
All men wouldn't wear one important skirt and Natalie wouldn't wear two.,All men wouldn't wear one skirt and Natalie wouldn't wear two important.,syntax,ellipsis,ellipsis_n_bar_1,True,False,False,False,225,-90.635009765625,-90.69236755371094,1
Those associations have a lot of yellow shawls and all drivers have a few.,Those associations have a lot of shawls and all drivers have a few yellow.,syntax,ellipsis,ellipsis_n_bar_1,True,False,False,False,226,-88.09580993652344,-88.74992370605469,1
Monica could disturb two clever associates and Naomi could disturb three.,Monica could disturb two associates and Naomi could disturb three clever.,syntax,ellipsis,ellipsis_n_bar_1,True,False,False,False,227,-100.69993591308594,-100.43792724609375,0
Tina cleaned one old public park and Kristen cleaned three.,Tina cleaned one public park and Kristen cleaned three old.,syntax,ellipsis,ellipsis_n_bar_1,True,False,False,False,228,-105.96813201904297,-105.14002990722656,0
Every dress won't look like four orange paintings of and Victoria's guest won't look like five.,Every dress won't look like four paintings of and Victoria's guest won't look like five orange.,syntax,ellipsis,ellipsis_n_bar_1,True,False,False,False,229,-130.28758239746094,-129.5284423828125,0
That patient might discover one upset best friend and some guys might discover several.,That patient might discover one best friend and some guys might discover several upset.,syntax,ellipsis,ellipsis_n_bar_1,True,False,False,False,230,-111.61048126220703,-107.17390441894531,0
Many spotlights did stun one new museum and Judy did stun at least as many.,Many spotlights did stun one museum and Judy did stun at least as many new.,syntax,ellipsis,ellipsis_n_bar_1,True,False,False,False,231,-134.9254150390625,-136.02346801757812,1
Adam cleans a lot of exposed forks and Russell cleans a few.,Adam cleans a lot of forks and Russell cleans a few exposed.,syntax,ellipsis,ellipsis_n_bar_1,True,False,False,False,232,-86.1593017578125,-80.66647338867188,0
A friend of Grace knows three hidden women and Christina knows two.,A friend of Grace knows three women and Christina knows two hidden.,syntax,ellipsis,ellipsis_n_bar_1,True,False,False,False,233,-105.38516235351562,-104.1477279663086,0
Douglas's contractor should lift one hidden convertible and this nephew of Larry should lift a lot.,Douglas's contractor should lift one convertible and this nephew of Larry should lift a lot hidden.,syntax,ellipsis,ellipsis_n_bar_1,True,False,False,False,234,-140.53433227539062,-145.053466796875,1
The eggplants didn't disgust one long dermatologist and all documentaries didn't disgust five.,The eggplants didn't disgust one dermatologist and all documentaries didn't disgust five long.,syntax,ellipsis,ellipsis_n_bar_1,True,False,False,False,235,-157.02439880371094,-155.6574249267578,0
Some grandsons of Maria are annoying few confident plumbers and all commentaries about politics are annoying many.,Some grandsons of Maria are annoying few plumbers and all commentaries about politics are annoying many confident.,syntax,ellipsis,ellipsis_n_bar_1,True,False,False,False,236,-183.80101013183594,-177.7520751953125,0
Victoria isn't buying a lot of old hills and Benjamin's associates are buying a few.,Victoria isn't buying a lot of hills and Benjamin's associates are buying a few old.,syntax,ellipsis,ellipsis_n_bar_1,True,False,False,False,237,-94.57197570800781,-93.99404907226562,0
A lot of reports about Winston Churchill could disagree with one clever grandfather and these essays could disagree with a lot.,A lot of reports about Winston Churchill could disagree with one grandfather and these essays could disagree with a lot clever.,syntax,ellipsis,ellipsis_n_bar_1,True,False,False,False,238,-155.09742736816406,-156.76211547851562,1
Larry's ex-boyfriends boycotted a lot of gray lakes and pedestrians boycotted a few.,Larry's ex-boyfriends boycotted a lot of lakes and pedestrians boycotted a few gray.,syntax,ellipsis,ellipsis_n_bar_1,True,False,False,False,239,-147.3853759765625,-149.15237426757812,1
A sister of Curtis skates around a lot of brown high schools and Jason skates around a few.,A sister of Curtis skates around a lot of high schools and Jason skates around a few brown.,syntax,ellipsis,ellipsis_n_bar_1,True,False,False,False,240,-138.72610473632812,-136.31573486328125,0
Noah can't climb down three yellow stairs and Mary's plumbers can't climb down more.,Noah can't climb down three stairs and Mary's plumbers can't climb down more yellow.,syntax,ellipsis,ellipsis_n_bar_1,True,False,False,False,241,-124.25192260742188,-126.71968078613281,1
Amy could boycott one hidden school and Alicia could boycott at least as many.,Amy could boycott one school and Alicia could boycott at least as many hidden.,syntax,ellipsis,ellipsis_n_bar_1,True,False,False,False,242,-111.24935913085938,-111.67062377929688,1
Sheila doesn't scare five smart mentors and Steven doesn't scare four.,Sheila doesn't scare five mentors and Steven doesn't scare four smart.,syntax,ellipsis,ellipsis_n_bar_1,True,False,False,False,243,-105.91828155517578,-105.31121826171875,0
Russell's doctors weren't dropping by one yellow river and Sonia isn't dropping by three.,Russell's doctors weren't dropping by one river and Sonia isn't dropping by three yellow.,syntax,ellipsis,ellipsis_n_bar_1,True,False,False,False,244,-119.07970428466797,-119.18927001953125,1
Sketches are looking like one unlucky mentor and this drawing was looking like at least as many.,Sketches are looking like one mentor and this drawing was looking like at least as many unlucky.,syntax,ellipsis,ellipsis_n_bar_1,True,False,False,False,245,-139.44863891601562,-136.91921997070312,0
Caroline leaves a lot of lost sons of and Helen leaves a few.,Caroline leaves a lot of sons of and Helen leaves a few lost.,syntax,ellipsis,ellipsis_n_bar_1,True,False,False,False,246,-89.96607971191406,-86.13748168945312,0
A guy's students disagreed with three hidden nieces and a commentary about the Balkans disagreed with at least as many.,A guy's students disagreed with three nieces and a commentary about the Balkans disagreed with at least as many hidden.,syntax,ellipsis,ellipsis_n_bar_1,True,False,False,False,247,-180.85015869140625,-179.18673706054688,0
Laurie didn't skate around a few hidden banks and Stephen didn't skate around a lot.,Laurie didn't skate around a few banks and Stephen didn't skate around a lot hidden.,syntax,ellipsis,ellipsis_n_bar_1,True,False,False,False,248,-122.91270446777344,-126.85640716552734,1
Donna hated a few good plays and April hated several.,Donna hated a few plays and April hated several good.,syntax,ellipsis,ellipsis_n_bar_1,True,False,False,False,249,-87.560546875,-86.86088562011719,0
Janet had worried one popular organization and Chad had worried two.,Janet had worried one organization and Chad had worried two popular.,syntax,ellipsis,ellipsis_n_bar_1,True,False,False,False,250,-102.70765686035156,-104.68775939941406,1
Candice ascends three hard slopes and some woman's granddaughter ascends at least as many.,Candice ascends three slopes and some woman's granddaughter ascends at least as many hard.,syntax,ellipsis,ellipsis_n_bar_1,True,False,False,False,251,-135.16036987304688,-131.1261749267578,0
Emily cleaned one cheap bank and Jeffrey's partners cleaned at least as many.,Emily cleaned one bank and Jeffrey's partners cleaned at least as many cheap.,syntax,ellipsis,ellipsis_n_bar_1,True,False,False,False,252,-113.00407409667969,-110.31169891357422,0
Some sons of Janice dislike three good French teachers and Matt's contractors dislike at least as many.,Some sons of Janice dislike three French teachers and Matt's contractors dislike at least as many good.,syntax,ellipsis,ellipsis_n_bar_1,True,False,False,False,253,-145.30072021484375,-143.5744171142578,0
Steven hadn't walked through four brown art galleries and Candice hadn't walked through five.,Steven hadn't walked through four art galleries and Candice hadn't walked through five brown.,syntax,ellipsis,ellipsis_n_bar_1,True,False,False,False,254,-118.5089111328125,-118.8391342163086,1
Melinda's colleague hadn't described one unemployed woman and Christopher hadn't described several.,Melinda's colleague hadn't described one woman and Christopher hadn't described several unemployed.,syntax,ellipsis,ellipsis_n_bar_1,True,False,False,False,255,-122.3005142211914,-116.0001449584961,0
Rhonda escapes from one new lake and Ella's contractor escapes from a lot.,Rhonda escapes from one lake and Ella's contractor escapes from a lot new.,syntax,ellipsis,ellipsis_n_bar_1,True,False,False,False,256,-108.06966400146484,-116.1949234008789,1
This ice stuns one unconvinced podiatrist and a lot of drivers' plumbers stuns a few.,This ice stuns one podiatrist and a lot of drivers' plumbers stuns a few unconvinced.,syntax,ellipsis,ellipsis_n_bar_1,True,False,False,False,257,-198.82025146484375,-194.80824279785156,0
Current events embarrass one popular legislature and the teachers embarrass a lot.,Current events embarrass one legislature and the teachers embarrass a lot popular.,syntax,ellipsis,ellipsis_n_bar_1,True,False,False,False,258,-86.70508575439453,-90.59170532226562,1
Kevin hated three exposed senators and Wendy's podiatrist hated fewer.,Kevin hated three senators and Wendy's podiatrist hated fewer exposed.,syntax,ellipsis,ellipsis_n_bar_1,True,False,False,False,259,-123.83370971679688,-124.20225524902344,1
Some pedestrians passed several purple cafes and Christina's brother passed a few.,Some pedestrians passed several cafes and Christina's brother passed a few purple.,syntax,ellipsis,ellipsis_n_bar_1,True,False,False,False,260,-104.12333679199219,-103.70365142822266,0
Lawrence's dermatologists had exited a lot of good grocery stores and Cheryl had exited a few.,Lawrence's dermatologists had exited a lot of grocery stores and Cheryl had exited a few good.,syntax,ellipsis,ellipsis_n_bar_1,True,False,False,False,261,-138.1559295654297,-139.49143981933594,1
A lot of sketches of Margaret alarm few good universities and the Borgias alarm many.,A lot of sketches of Margaret alarm few universities and the Borgias alarm many good.,syntax,ellipsis,ellipsis_n_bar_1,True,False,False,False,262,-147.97393798828125,-148.3637237548828,1
The waitress's doctor talks about one lost dermatologist and Melanie talks about more.,The waitress's doctor talks about one dermatologist and Melanie talks about more lost.,syntax,ellipsis,ellipsis_n_bar_1,True,False,False,False,263,-115.8959732055664,-111.8561782836914,0
Melanie was appreciating a few big hills and Benjamin's girlfriend was appreciating several.,Melanie was appreciating a few hills and Benjamin's girlfriend was appreciating several big.,syntax,ellipsis,ellipsis_n_bar_1,True,False,False,False,264,-119.98407745361328,-118.69673156738281,0
Those cafes impressed a few upset mentees and Eric impressed several.,Those cafes impressed a few mentees and Eric impressed several upset.,syntax,ellipsis,ellipsis_n_bar_1,True,False,False,False,265,-111.41041564941406,-105.49667358398438,0
The cat confuses one confident colleague and a teenager's doctors confuses two.,The cat confuses one colleague and a teenager's doctors confuses two confident.,syntax,ellipsis,ellipsis_n_bar_1,True,False,False,False,266,-124.70922088623047,-122.4348373413086,0
Ann didn't pass one hidden cafe and Cheryl didn't pass a few.,Ann didn't pass one cafe and Cheryl didn't pass a few hidden.,syntax,ellipsis,ellipsis_n_bar_1,True,False,False,False,267,-94.54234313964844,-93.54257202148438,0
Julia scans one good handyman and Lisa scans four.,Julia scans one handyman and Lisa scans four good.,syntax,ellipsis,ellipsis_n_bar_1,True,False,False,False,268,-105.60598754882812,-107.49267578125,1
Those drivers astound several long electricians and most bicycles astound a few.,Those drivers astound several electricians and most bicycles astound a few long.,syntax,ellipsis,ellipsis_n_bar_1,True,False,False,False,269,-126.0504150390625,-124.13479614257812,0
Ruth fires three lucky waiters and Patricia fires more.,Ruth fires three waiters and Patricia fires more lucky.,syntax,ellipsis,ellipsis_n_bar_1,True,False,False,False,270,-104.6814956665039,-103.05607604980469,0
Bradley hides two concealed contractors and Diane hides three.,Bradley hides two contractors and Diane hides three concealed.,syntax,ellipsis,ellipsis_n_bar_1,True,False,False,False,271,-91.39677429199219,-93.38323974609375,1
Mitchell's grandsons hid one important banana and Rhonda hid several.,Mitchell's grandsons hid one banana and Rhonda hid several important.,syntax,ellipsis,ellipsis_n_bar_1,True,False,False,False,272,-133.94454956054688,-130.94947814941406,0
Bethany wasn't discovering one white library and many guests' electricians weren't discovering many.,Bethany wasn't discovering one library and many guests' electricians weren't discovering many white.,syntax,ellipsis,ellipsis_n_bar_1,True,False,False,False,273,-168.49661254882812,-167.21151733398438,0
Jason lifts a few purple books and Bethany lifts several.,Jason lifts a few books and Bethany lifts several purple.,syntax,ellipsis,ellipsis_n_bar_1,True,False,False,False,274,-91.70687866210938,-88.98405456542969,0
The teenagers stun one fast doctor and most trucks stun a lot.,The teenagers stun one doctor and most trucks stun a lot fast.,syntax,ellipsis,ellipsis_n_bar_1,True,False,False,False,275,-93.9365234375,-95.15373992919922,1
Barbara might conceal one white book and Brenda might conceal three.,Barbara might conceal one book and Brenda might conceal three white.,syntax,ellipsis,ellipsis_n_bar_1,True,False,False,False,276,-104.92596435546875,-102.03610229492188,0
Theodore's tutors visit one displeased brother of and Craig's ex-girlfriends visit five.,Theodore's tutors visit one brother of and Craig's ex-girlfriends visit five displeased.,syntax,ellipsis,ellipsis_n_bar_1,True,False,False,False,277,-165.26795959472656,-163.69900512695312,0
Andrew is arguing about three hopeful mothers and a lot of sisters of Russell aren't arguing about at least as many.,Andrew is arguing about three mothers and a lot of sisters of Russell aren't arguing about at least as many hopeful.,syntax,ellipsis,ellipsis_n_bar_1,True,False,False,False,278,-136.51300048828125,-131.00820922851562,0
Theodore's supervisors healed a few hopeful brothers and Mary healed a lot.,Theodore's supervisors healed a few brothers and Mary healed a lot hopeful.,syntax,ellipsis,ellipsis_n_bar_1,True,False,False,False,279,-113.10546112060547,-111.17988586425781,0
Martin returned to one hidden river and a lot of grandsons of Todd returned to some.,Martin returned to one river and a lot of grandsons of Todd returned to some hidden.,syntax,ellipsis,ellipsis_n_bar_1,True,False,False,False,280,-113.40445709228516,-112.65486145019531,0
Melinda's piano teachers talk to several hidden oncologists and this adult's dermatologists talk to a few.,Melinda's piano teachers talk to several oncologists and this adult's dermatologists talk to a few hidden.,syntax,ellipsis,ellipsis_n_bar_1,True,False,False,False,281,-170.35354614257812,-172.83175659179688,1
Valerie's daughters distract three small dermatologists and Kayla's contractors distract fewer.,Valerie's daughters distract three dermatologists and Kayla's contractors distract fewer small.,syntax,ellipsis,ellipsis_n_bar_1,True,False,False,False,282,-154.08987426757812,-161.01893615722656,1
Russell's associates skate around several exposed hospitals and many grandsons of Alicia skate around a few.,Russell's associates skate around several hospitals and many grandsons of Alicia skate around a few exposed.,syntax,ellipsis,ellipsis_n_bar_1,True,False,False,False,283,-150.365478515625,-146.76141357421875,0
Every man might appreciate one troubled pedestrian and Vincent might appreciate at least as many.,Every man might appreciate one pedestrian and Vincent might appreciate at least as many troubled.,syntax,ellipsis,ellipsis_n_bar_1,True,False,False,False,284,-117.46267700195312,-114.69640350341797,0
Mary boycotts no good governments and George's boyfriend boycotts some.,Mary boycotts no governments and George's boyfriend boycotts some good.,syntax,ellipsis,ellipsis_n_bar_1,True,False,False,False,285,-112.42554473876953,-114.30484771728516,1
Carmen skates around one purple lake and guests' daughter skates around five.,Carmen skates around one lake and guests' daughter skates around five purple.,syntax,ellipsis,ellipsis_n_bar_1,True,False,False,False,286,-132.65948486328125,-133.9536590576172,1
The Clintons have one black rug and the senator's sisters have three.,The Clintons have one rug and the senator's sisters have three black.,syntax,ellipsis,ellipsis_n_bar_1,True,False,False,False,287,-92.3299560546875,-92.04871368408203,0
Wayne might pass two concealed malls and Marcus might pass three.,Wayne might pass two malls and Marcus might pass three concealed.,syntax,ellipsis,ellipsis_n_bar_1,True,False,False,False,288,-104.592529296875,-104.76712036132812,1
Those guests respect three serious lawyers and Amy's ex-husbands respect two.,Those guests respect three lawyers and Amy's ex-husbands respect two serious.,syntax,ellipsis,ellipsis_n_bar_1,True,False,False,False,289,-119.4706039428711,-121.44215393066406,1
A lot of people talk about one hopeful mentor and some actresses talk about many.,A lot of people talk about one mentor and some actresses talk about many hopeful.,syntax,ellipsis,ellipsis_n_bar_1,True,False,False,False,290,-101.1810531616211,-96.99076843261719,0
Dana goes to several important malls and Lori goes to a few.,Dana goes to several malls and Lori goes to a few important.,syntax,ellipsis,ellipsis_n_bar_1,True,False,False,False,291,-93.82249450683594,-94.86997985839844,1
Every grandmother of Andrew drives to a lot of purple malls and Sonia drives to a few.,Every grandmother of Andrew drives to a lot of malls and Sonia drives to a few purple.,syntax,ellipsis,ellipsis_n_bar_1,True,False,False,False,292,-117.0091552734375,-116.76585388183594,0
Ella could break one gray carriage and John could break at least as many.,Ella could break one carriage and John could break at least as many gray.,syntax,ellipsis,ellipsis_n_bar_1,True,False,False,False,293,-106.99949645996094,-107.24396514892578,1
Rebecca criticizes one serious girl and Vincent criticizes a lot.,Rebecca criticizes one girl and Vincent criticizes a lot serious.,syntax,ellipsis,ellipsis_n_bar_1,True,False,False,False,294,-95.98539733886719,-97.74819946289062,1
Lissa can't watch several fast waitresses and Holly can't watch a few.,Lissa can't watch several waitresses and Holly can't watch a few fast.,syntax,ellipsis,ellipsis_n_bar_1,True,False,False,False,295,-104.61872863769531,-101.877197265625,0
Joel isn't kissing one unsure dermatologist and Judy isn't kissing four.,Joel isn't kissing one dermatologist and Judy isn't kissing four unsure.,syntax,ellipsis,ellipsis_n_bar_1,True,False,False,False,296,-126.06526184082031,-125.63192749023438,0
Those icicles hadn't confused one hidden nephew of and this mountain hadn't confused many.,Those icicles hadn't confused one nephew of and this mountain hadn't confused many hidden.,syntax,ellipsis,ellipsis_n_bar_1,True,False,False,False,297,-137.27467346191406,-134.3123016357422,0
Daniel hasn't attacked three small handymen and a lot of waitresses have attacked more.,Daniel hasn't attacked three handymen and a lot of waitresses have attacked more small.,syntax,ellipsis,ellipsis_n_bar_1,True,False,False,False,298,-122.52503967285156,-122.96331787109375,1
Brenda's friends skate around three brown libraries and many daughters of most children skate around more.,Brenda's friends skate around three libraries and many daughters of most children skate around more brown.,syntax,ellipsis,ellipsis_n_bar_1,True,False,False,False,299,-132.54461669921875,-136.12115478515625,1
This cashier had helped three delighted electricians and Marcus's cousin had helped almost as many.,This cashier had helped three electricians and Marcus's cousin had helped almost as many delighted.,syntax,ellipsis,ellipsis_n_bar_1,True,False,False,False,300,-145.71926879882812,-140.9319305419922,0
A school wasn't irritating one out in the open wife and Heidi wasn't irritating three.,A school wasn't irritating one wife and Heidi wasn't irritating three out in the open.,syntax,ellipsis,ellipsis_n_bar_1,True,False,False,False,301,-128.6376190185547,-128.1559295654297,0
Caroline examines two unlucky mothers and Sherry examines three.,Caroline examines two mothers and Sherry examines three unlucky.,syntax,ellipsis,ellipsis_n_bar_1,True,False,False,False,302,-98.51990509033203,-97.48895263671875,0
Noah's nephew is disturbing one nice mother and some face is disturbing at least as many.,Noah's nephew is disturbing one mother and some face is disturbing at least as many nice.,syntax,ellipsis,ellipsis_n_bar_1,True,False,False,False,303,-128.42724609375,-125.92984771728516,0
Christine's grandmothers appreciate one smart mother of and the Impressionists appreciate several.,Christine's grandmothers appreciate one mother of and the Impressionists appreciate several smart.,syntax,ellipsis,ellipsis_n_bar_1,True,False,False,False,304,-142.9252166748047,-137.931884765625,0
Brenda conceals one unlucky student and Carmen conceals a lot.,Brenda conceals one student and Carmen conceals a lot unlucky.,syntax,ellipsis,ellipsis_n_bar_1,True,False,False,False,305,-103.97312927246094,-105.72189331054688,1
Christine's grandson scanned one long show about and Tracy's sisters scanned three.,Christine's grandson scanned one show about and Tracy's sisters scanned three long.,syntax,ellipsis,ellipsis_n_bar_1,True,False,False,False,306,-127.93114471435547,-125.1106185913086,0
Gerald wasn't leaving three nice dancers and Galileo wasn't leaving almost as many.,Gerald wasn't leaving three dancers and Galileo wasn't leaving almost as many nice.,syntax,ellipsis,ellipsis_n_bar_1,True,False,False,False,307,-124.11580657958984,-121.79911804199219,0
Omar cleans three brown rugs and Janice cleans at least as many.,Omar cleans three rugs and Janice cleans at least as many brown.,syntax,ellipsis,ellipsis_n_bar_1,True,False,False,False,308,-115.49632263183594,-114.53772735595703,0
Monet hadn't cleaned one smooth couch and Stephen hadn't cleaned five.,Monet hadn't cleaned one couch and Stephen hadn't cleaned five smooth.,syntax,ellipsis,ellipsis_n_bar_1,True,False,False,False,309,-103.1525650024414,-103.6506576538086,1
The Borgias appreciated no exposed senators and Deanna appreciated some.,The Borgias appreciated no senators and Deanna appreciated some exposed.,syntax,ellipsis,ellipsis_n_bar_1,True,False,False,False,310,-121.44902038574219,-119.170166015625,0
The gates will hurt three serious daughters of and Cindy's mentees will hurt almost as many.,The gates will hurt three daughters of and Cindy's mentees will hurt almost as many serious.,syntax,ellipsis,ellipsis_n_bar_1,True,False,False,False,311,-143.7802276611328,-139.4050750732422,0
Ann's daughter describes one long story about and Rose's ex-boyfriend describes four.,Ann's daughter describes one story about and Rose's ex-boyfriend describes four long.,syntax,ellipsis,ellipsis_n_bar_1,True,False,False,False,312,-122.37692260742188,-119.6843490600586,0
Janice's teacher investigated three hidden boys and Ronald investigated almost as many.,Janice's teacher investigated three boys and Ronald investigated almost as many hidden.,syntax,ellipsis,ellipsis_n_bar_1,True,False,False,False,313,-112.57807922363281,-109.753662109375,0
Laura hadn't lifted one hidden drawing and those children hadn't lifted more.,Laura hadn't lifted one drawing and those children hadn't lifted more hidden.,syntax,ellipsis,ellipsis_n_bar_1,True,False,False,False,314,-99.67900085449219,-98.40617370605469,0
Most daughters of Douglas explore one cheap bank and Ruth's plumbers explore at least as many.,Most daughters of Douglas explore one bank and Ruth's plumbers explore at least as many cheap.,syntax,ellipsis,ellipsis_n_bar_1,True,False,False,False,315,-139.97454833984375,-137.50811767578125,0
A lot of adults flee from three content handymen and the ladies flee from more.,A lot of adults flee from three handymen and the ladies flee from more content.,syntax,ellipsis,ellipsis_n_bar_1,True,False,False,False,316,-126.427001953125,-123.60934448242188,0
Sherry bikes to one blue college campus and Bradley bikes to two.,Sherry bikes to one college campus and Bradley bikes to two blue.,syntax,ellipsis,ellipsis_n_bar_1,True,False,False,False,317,-117.01568603515625,-112.70126342773438,0
Most women confuse one big cousin and all lakes confuse two.,Most women confuse one cousin and all lakes confuse two big.,syntax,ellipsis,ellipsis_n_bar_1,True,False,False,False,318,-88.14678955078125,-91.02005004882812,1
Candice researches one brown photograph of and an actor researches a few.,Candice researches one photograph of and an actor researches a few brown.,syntax,ellipsis,ellipsis_n_bar_1,True,False,False,False,319,-129.8460693359375,-128.59808349609375,0
Lori noticed one small cucumber and Pamela noticed three.,Lori noticed one cucumber and Pamela noticed three small.,syntax,ellipsis,ellipsis_n_bar_1,True,False,False,False,320,-94.36100769042969,-96.53033447265625,1
These actors' plumber might worry one important guest and the hospitals might worry a lot.,These actors' plumber might worry one guest and the hospitals might worry a lot important.,syntax,ellipsis,ellipsis_n_bar_1,True,False,False,False,321,-126.71421813964844,-127.0557632446289,1
Jacqueline references one unsure guest and Colleen references at least as many.,Jacqueline references one guest and Colleen references at least as many unsure.,syntax,ellipsis,ellipsis_n_bar_1,True,False,False,False,322,-118.89462280273438,-116.35774230957031,0
Amelia will examine one happy nephew and Heather will examine five.,Amelia will examine one nephew and Heather will examine five happy.,syntax,ellipsis,ellipsis_n_bar_1,True,False,False,False,323,-101.38517761230469,-99.69160461425781,0
Eva worked with two busy cashiers and this grandfather of Rebecca worked with three.,Eva worked with two cashiers and this grandfather of Rebecca worked with three busy.,syntax,ellipsis,ellipsis_n_bar_1,True,False,False,False,324,-102.13182067871094,-101.92363739013672,0
Thomas has hidden few green movie theaters and Alice has hidden many.,Thomas has hidden few movie theaters and Alice has hidden many green.,syntax,ellipsis,ellipsis_n_bar_1,True,False,False,False,325,-96.12952423095703,-94.87405395507812,0
A play isn't disagreeing with one hopeful plumber and most granddaughters of many teenagers weren't disagreeing with four.,A play isn't disagreeing with one plumber and most granddaughters of many teenagers weren't disagreeing with four hopeful.,syntax,ellipsis,ellipsis_n_bar_1,True,False,False,False,326,-190.61239624023438,-189.4781951904297,0
Barbara didn't have one concealed couch and the guest didn't have some.,Barbara didn't have one couch and the guest didn't have some concealed.,syntax,ellipsis,ellipsis_n_bar_1,True,False,False,False,327,-85.3052978515625,-82.40907287597656,0
The niece of Theresa wasn't irritating one smart niece and Gregory wasn't irritating three.,The niece of Theresa wasn't irritating one niece and Gregory wasn't irritating three smart.,syntax,ellipsis,ellipsis_n_bar_1,True,False,False,False,328,-128.71456909179688,-127.7798080444336,0
Some people examine one uncertain brother of and Kenneth's fathers examine few.,Some people examine one brother of and Kenneth's fathers examine few uncertain.,syntax,ellipsis,ellipsis_n_bar_1,True,False,False,False,329,-109.269287109375,-106.2645034790039,0
The driver's oncologists run around three purple schools and the Lutherans run around at least as many.,The driver's oncologists run around three schools and the Lutherans run around at least as many purple.,syntax,ellipsis,ellipsis_n_bar_1,True,False,False,False,330,-144.39747619628906,-141.1621856689453,0
Suzanne escaped from one sick dancer and Joel's guests escaped from a few.,Suzanne escaped from one dancer and Joel's guests escaped from a few sick.,syntax,ellipsis,ellipsis_n_bar_1,True,False,False,False,331,-107.33014678955078,-106.77471923828125,0
Jeffrey's hairdresser climbs down one hidden ladder and that teenager climbs down four.,Jeffrey's hairdresser climbs down one ladder and that teenager climbs down four hidden.,syntax,ellipsis,ellipsis_n_bar_1,True,False,False,False,332,-129.5186004638672,-131.4667510986328,1
Andrew had bored two bad grandfathers and a lot of patients had bored three.,Andrew had bored two grandfathers and a lot of patients had bored three bad.,syntax,ellipsis,ellipsis_n_bar_1,True,False,False,False,333,-97.07278442382812,-96.93817901611328,0
Some actress's mentors sounded like one standing colleague and Tonya sounded like five.,Some actress's mentors sounded like one colleague and Tonya sounded like five standing.,syntax,ellipsis,ellipsis_n_bar_1,True,False,False,False,334,-118.69386291503906,-116.49179077148438,0
Marie was exploring many small banks and Sandra was exploring few.,Marie was exploring many banks and Sandra was exploring few small.,syntax,ellipsis,ellipsis_n_bar_1,True,False,False,False,335,-87.11478424072266,-87.38325500488281,1
John's handymen did care for a few good bosses and Carrie did care for a lot.,John's handymen did care for a few bosses and Carrie did care for a lot good.,syntax,ellipsis,ellipsis_n_bar_1,True,False,False,False,336,-116.67829895019531,-120.11986541748047,1
Most students' oncologist hadn't described many concealed nieces of and this customer's boss hadn't described few.,Most students' oncologist hadn't described many nieces of and this customer's boss hadn't described few concealed.,syntax,ellipsis,ellipsis_n_bar_1,True,False,False,False,337,-191.04501342773438,-187.6834716796875,0
A lot of actresses ascended five blue slopes and Theodore ascended four.,A lot of actresses ascended five slopes and Theodore ascended four blue.,syntax,ellipsis,ellipsis_n_bar_1,True,False,False,False,338,-113.43258666992188,-115.36056518554688,1
Phillip brought three blue windows and Eric brought at least as many.,Phillip brought three windows and Eric brought at least as many blue.,syntax,ellipsis,ellipsis_n_bar_1,True,False,False,False,339,-89.04522705078125,-90.39265441894531,1
Theresa hid a few unconvinced grandmothers of and Claire hid several.,Theresa hid a few grandmothers of and Claire hid several unconvinced.,syntax,ellipsis,ellipsis_n_bar_1,True,False,False,False,340,-133.0435791015625,-132.8589324951172,0
The Lutherans' classmates remember three content sisters of and Caroline's ex-girlfriends remember at least as many.,The Lutherans' classmates remember three sisters of and Caroline's ex-girlfriends remember at least as many content.,syntax,ellipsis,ellipsis_n_bar_1,True,False,False,False,341,-167.75436401367188,-159.8033447265625,0
Aaron has cured a few out in the open dermatologists and Marcus's ex-girlfriend has cured a lot.,Aaron has cured a few dermatologists and Marcus's ex-girlfriend has cured a lot out in the open.,syntax,ellipsis,ellipsis_n_bar_1,True,False,False,False,342,-139.30784606933594,-137.84271240234375,0
Richard's sister climbed up one yellow ladder and the Clintons' partner climbed up few.,Richard's sister climbed up one ladder and the Clintons' partner climbed up few yellow.,syntax,ellipsis,ellipsis_n_bar_1,True,False,False,False,343,-120.4000244140625,-118.21218872070312,0
Todd isn't escaping from one good father and a patient isn't escaping from three.,Todd isn't escaping from one father and a patient isn't escaping from three good.,syntax,ellipsis,ellipsis_n_bar_1,True,False,False,False,344,-100.98914337158203,-104.03211975097656,1
Valerie stunned one excited grandfather of and Claire stunned a lot.,Valerie stunned one grandfather of and Claire stunned a lot excited.,syntax,ellipsis,ellipsis_n_bar_1,True,False,False,False,345,-110.1169204711914,-110.2400131225586,1
Ellen hadn't talked about one confident man and Marie hadn't talked about more.,Ellen hadn't talked about one man and Marie hadn't talked about more confident.,syntax,ellipsis,ellipsis_n_bar_1,True,False,False,False,346,-98.41152954101562,-94.64228820800781,0
Janice's bosses attack one unemployed wife and sons of Martin attack many.,Janice's bosses attack one wife and sons of Martin attack many unemployed.,syntax,ellipsis,ellipsis_n_bar_1,True,False,False,False,347,-123.95649719238281,-116.17271423339844,0
This cashier's classmates exited four new hills and Tonya exited five.,This cashier's classmates exited four hills and Tonya exited five new.,syntax,ellipsis,ellipsis_n_bar_1,True,False,False,False,348,-128.43536376953125,-131.02772521972656,1
Rebecca's colleagues didn't question one long ex-girlfriend and Kayla didn't question five.,Rebecca's colleagues didn't question one ex-girlfriend and Kayla didn't question five long.,syntax,ellipsis,ellipsis_n_bar_1,True,False,False,False,349,-132.14102172851562,-129.10858154296875,0
Eva won't boast about one hidden mother of and Jacqueline won't boast about many.,Eva won't boast about one mother of and Jacqueline won't boast about many hidden.,syntax,ellipsis,ellipsis_n_bar_1,True,False,False,False,350,-126.26729583740234,-124.22444152832031,0
Frank respects one bad boyfriend and Patricia respects many.,Frank respects one boyfriend and Patricia respects many bad.,syntax,ellipsis,ellipsis_n_bar_1,True,False,False,False,351,-84.78852844238281,-83.78810119628906,0
Museums conceal one big employee and every child's mentees conceal a lot.,Museums conceal one employee and every child's mentees conceal a lot big.,syntax,ellipsis,ellipsis_n_bar_1,True,False,False,False,352,-125.97339630126953,-133.418212890625,1
Many students can't distract two unlucky supervisors and a library can't distract three.,Many students can't distract two supervisors and a library can't distract three unlucky.,syntax,ellipsis,ellipsis_n_bar_1,True,False,False,False,353,-107.23164367675781,-106.98367309570312,0
Richard is cleaning one blue mall and Marcus is cleaning a lot.,Richard is cleaning one mall and Marcus is cleaning a lot blue.,syntax,ellipsis,ellipsis_n_bar_1,True,False,False,False,354,-86.60454559326172,-89.73521423339844,1
The plates didn't resemble three gray drawings of and some books about the Balkans didn't resemble fewer.,The plates didn't resemble three drawings of and some books about the Balkans didn't resemble fewer gray.,syntax,ellipsis,ellipsis_n_bar_1,True,False,False,False,355,-141.99452209472656,-145.33480834960938,1
Tammy visits one delighted mother of and Vincent's employee visits more.,Tammy visits one mother of and Vincent's employee visits more delighted.,syntax,ellipsis,ellipsis_n_bar_1,True,False,False,False,356,-106.71592712402344,-103.03929138183594,0
Stephen's oncologist can't approach few ill ex-husbands and the friends of Julie can't approach many.,Stephen's oncologist can't approach few ex-husbands and the friends of Julie can't approach many ill.,syntax,ellipsis,ellipsis_n_bar_1,True,False,False,False,357,-173.6536102294922,-169.65145874023438,0
Jane explores one big glacier and Florence explores few.,Jane explores one glacier and Florence explores few big.,syntax,ellipsis,ellipsis_n_bar_1,True,False,False,False,358,-83.22112274169922,-85.55512237548828,1
Ronald would discover one yellow glass and the Lutherans would discover two.,Ronald would discover one glass and the Lutherans would discover two yellow.,syntax,ellipsis,ellipsis_n_bar_1,True,False,False,False,359,-108.92608642578125,-108.76952362060547,0
Todd disagrees with a few old mothers and Marie disagrees with a lot.,Todd disagrees with a few mothers and Marie disagrees with a lot old.,syntax,ellipsis,ellipsis_n_bar_1,True,False,False,False,360,-88.25958251953125,-93.25360870361328,1
Those paintings of the windows might look like one concealed actor and the print of Barbara might look like a lot.,Those paintings of the windows might look like one actor and the print of Barbara might look like a lot concealed.,syntax,ellipsis,ellipsis_n_bar_1,True,False,False,False,361,-131.06121826171875,-133.34739685058594,1
Every library was astounding several ill drivers and a girl was astounding a few.,Every library was astounding several drivers and a girl was astounding a few ill.,syntax,ellipsis,ellipsis_n_bar_1,True,False,False,False,362,-110.54595184326172,-110.21464538574219,0
Stephen had criticized one big newspaper article about and many nephews of Anna had criticized five.,Stephen had criticized one newspaper article about and many nephews of Anna had criticized five big.,syntax,ellipsis,ellipsis_n_bar_1,True,False,False,False,363,-118.85958099365234,-120.79086303710938,1
Donna listens to one confident son and Alice listens to few.,Donna listens to one son and Alice listens to few confident.,syntax,ellipsis,ellipsis_n_bar_1,True,False,False,False,364,-93.7467041015625,-87.36761474609375,0
Kristen did boycott three good rivers and the students' ex-boyfriends did boycott two.,Kristen did boycott three rivers and the students' ex-boyfriends did boycott two good.,syntax,ellipsis,ellipsis_n_bar_1,True,False,False,False,365,-154.12367248535156,-151.92723083496094,0
Some cousins of Carl go to five blue rivers and Alexander's friends go to four.,Some cousins of Carl go to five rivers and Alexander's friends go to four blue.,syntax,ellipsis,ellipsis_n_bar_1,True,False,False,False,366,-111.23423767089844,-112.59724426269531,1
All movies about the Clintons stun one big brother and many granddaughters of Michael stun two.,All movies about the Clintons stun one brother and many granddaughters of Michael stun two big.,syntax,ellipsis,ellipsis_n_bar_1,True,False,False,False,367,-147.15667724609375,-148.86341857910156,1
Carlos would complain about many confident mentors and Bruce's doctor would complain about few.,Carlos would complain about many mentors and Bruce's doctor would complain about few confident.,syntax,ellipsis,ellipsis_n_bar_1,True,False,False,False,368,-124.25614929199219,-119.99238586425781,0
Candice would cure one unconvinced child and Rachel would cure few.,Candice would cure one child and Rachel would cure few unconvinced.,syntax,ellipsis,ellipsis_n_bar_1,True,False,False,False,369,-121.71397399902344,-115.8581771850586,0
Libraries haven't concealed one uncertain lawyer and Martin's colleague hasn't concealed three.,Libraries haven't concealed one lawyer and Martin's colleague hasn't concealed three uncertain.,syntax,ellipsis,ellipsis_n_bar_1,True,False,False,False,370,-137.4978485107422,-136.04884338378906,0
Some nephews of this man weren't lifting one black carriage and Naomi was lifting many.,Some nephews of this man weren't lifting one carriage and Naomi was lifting many black.,syntax,ellipsis,ellipsis_n_bar_1,True,False,False,False,371,-131.47445678710938,-130.9288330078125,0
Every boy's granddaughter had loved one big boss and every granddaughter of most students had loved four.,Every boy's granddaughter had loved one boss and every granddaughter of most students had loved four big.,syntax,ellipsis,ellipsis_n_bar_1,True,False,False,False,372,-119.10881805419922,-122.24819946289062,1
Erin doesn't hide one young dancer and Travis doesn't hide more.,Erin doesn't hide one dancer and Travis doesn't hide more young.,syntax,ellipsis,ellipsis_n_bar_1,True,False,False,False,373,-93.48345947265625,-94.29239654541016,1
The Clintons aren't taking many brown newspaper articles about and Timothy wasn't taking few.,The Clintons aren't taking many newspaper articles about and Timothy wasn't taking few brown.,syntax,ellipsis,ellipsis_n_bar_1,True,False,False,False,374,-128.5809783935547,-126.57209777832031,0
Monet is describing three bad plays and Martin is describing two.,Monet is describing three plays and Martin is describing two bad.,syntax,ellipsis,ellipsis_n_bar_1,True,False,False,False,375,-92.57427978515625,-93.42835998535156,1
The actresses have observed one clever ex-boyfriend and Pamela's nieces have observed two.,The actresses have observed one ex-boyfriend and Pamela's nieces have observed two clever.,syntax,ellipsis,ellipsis_n_bar_1,True,False,False,False,376,-153.6019287109375,-151.9344024658203,0
Deborah's bosses hadn't lifted few blue cucumbers and Valerie hadn't lifted many.,Deborah's bosses hadn't lifted few cucumbers and Valerie hadn't lifted many blue.,syntax,ellipsis,ellipsis_n_bar_1,True,False,False,False,377,-142.39755249023438,-143.39132690429688,1
Those actors kiss one exposed boyfriend and Leslie's fathers kiss a lot.,Those actors kiss one boyfriend and Leslie's fathers kiss a lot exposed.,syntax,ellipsis,ellipsis_n_bar_1,True,False,False,False,378,-100.18034362792969,-100.94439697265625,1
Those pedestrians fire one lost associate and the Borgias fire many.,Those pedestrians fire one associate and the Borgias fire many lost.,syntax,ellipsis,ellipsis_n_bar_1,True,False,False,False,379,-111.19590759277344,-109.90443420410156,0
Emily noticed many purple pictures and Joel noticed few.,Emily noticed many pictures and Joel noticed few purple.,syntax,ellipsis,ellipsis_n_bar_1,True,False,False,False,380,-78.30043029785156,-81.23342895507812,1
That person's electricians had messed up one white glass and Craig had messed up at least as many.,That person's electricians had messed up one glass and Craig had messed up at least as many white.,syntax,ellipsis,ellipsis_n_bar_1,True,False,False,False,381,-135.46038818359375,-135.6844940185547,1
Gerald resembles several black photographs and Andrea's best friend resembles a few.,Gerald resembles several photographs and Andrea's best friend resembles a few black.,syntax,ellipsis,ellipsis_n_bar_1,True,False,False,False,382,-113.65203857421875,-113.67118835449219,1
Andrew's girlfriend explores three smooth hospitals and some brother of Meredith explores two.,Andrew's girlfriend explores three hospitals and some brother of Meredith explores two smooth.,syntax,ellipsis,ellipsis_n_bar_1,True,False,False,False,383,-113.07173156738281,-113.99836730957031,1
Gary insulted one bad essay and that actor insulted four.,Gary insulted one essay and that actor insulted four bad.,syntax,ellipsis,ellipsis_n_bar_1,True,False,False,False,384,-83.84214782714844,-86.83419799804688,1
Theresa could alarm two concealed sons of and Chad could alarm three.,Theresa could alarm two sons of and Chad could alarm three concealed.,syntax,ellipsis,ellipsis_n_bar_1,True,False,False,False,385,-115.86495208740234,-113.076171875,0
Douglas's friends can disagree with four excited children and Helen's fathers can disagree with five.,Douglas's friends can disagree with four children and Helen's fathers can disagree with five excited.,syntax,ellipsis,ellipsis_n_bar_1,True,False,False,False,386,-119.5873031616211,-117.98129272460938,0
Roger's supervisors think about one gray cake and Naomi's friends think about many.,Roger's supervisors think about one cake and Naomi's friends think about many gray.,syntax,ellipsis,ellipsis_n_bar_1,True,False,False,False,387,-103.98309326171875,-103.4352035522461,0
Many reports had distracted one lucky boy and all sweaters had distracted few.,Many reports had distracted one boy and all sweaters had distracted few lucky.,syntax,ellipsis,ellipsis_n_bar_1,True,False,False,False,388,-110.97262573242188,-111.18426513671875,1
Essays about the Lutherans distracted one hidden grandfather and Tammy distracted more.,Essays about the Lutherans distracted one grandfather and Tammy distracted more hidden.,syntax,ellipsis,ellipsis_n_bar_1,True,False,False,False,389,-122.500244140625,-123.49150085449219,1
The mushroom isn't aggravating one delighted granddaughter of and that person isn't aggravating some.,The mushroom isn't aggravating one granddaughter of and that person isn't aggravating some delighted.,syntax,ellipsis,ellipsis_n_bar_1,True,False,False,False,390,-132.20408630371094,-126.27166748046875,0
Alan is questioning one bad colleague and Naomi's oncologists aren't questioning four.,Alan is questioning one colleague and Naomi's oncologists aren't questioning four bad.,syntax,ellipsis,ellipsis_n_bar_1,True,False,False,False,391,-125.4274673461914,-126.14950561523438,1
Janet's mentees run around one popular mall and some ladies run around five.,Janet's mentees run around one mall and some ladies run around five popular.,syntax,ellipsis,ellipsis_n_bar_1,True,False,False,False,392,-120.88792419433594,-122.6759033203125,1
The Borgias think about one red eggplant and the Impressionists think about many.,The Borgias think about one eggplant and the Impressionists think about many red.,syntax,ellipsis,ellipsis_n_bar_1,True,False,False,False,393,-134.33651733398438,-135.859375,1
Ellen can't think about a few standing guests and Tammy can't think about a lot.,Ellen can't think about a few guests and Tammy can't think about a lot standing.,syntax,ellipsis,ellipsis_n_bar_1,True,False,False,False,394,-99.60916137695312,-98.0888442993164,0
Some essay has stunned one good associate and those ladies had stunned at least as many.,Some essay has stunned one associate and those ladies had stunned at least as many good.,syntax,ellipsis,ellipsis_n_bar_1,True,False,False,False,395,-123.7380142211914,-124.47249603271484,1
Mothers of Teresa toured three important cafes and the adult toured at least as many.,Mothers of Teresa toured three cafes and the adult toured at least as many important.,syntax,ellipsis,ellipsis_n_bar_1,True,False,False,False,396,-119.9124755859375,-117.57311248779297,0
Harvard University listens to one displeased friend of and Brett listens to few.,Harvard University listens to one friend of and Brett listens to few displeased.,syntax,ellipsis,ellipsis_n_bar_1,True,False,False,False,397,-126.59799194335938,-119.4501953125,0
Melissa is researching many delighted piano teachers and Ann is researching few.,Melissa is researching many piano teachers and Ann is researching few delighted.,syntax,ellipsis,ellipsis_n_bar_1,True,False,False,False,398,-112.36898803710938,-107.60881042480469,0
The grandson of most guys returns to one fast student and Jeffrey returns to five.,The grandson of most guys returns to one student and Jeffrey returns to five fast.,syntax,ellipsis,ellipsis_n_bar_1,True,False,False,False,399,-107.25946044921875,-105.85334014892578,0
Walter boasts about one uncertain cousin and that guest's friend boasts about several.,Walter boasts about one cousin and that guest's friend boasts about several uncertain.,syntax,ellipsis,ellipsis_n_bar_1,True,False,False,False,400,-121.70073699951172,-118.56797790527344,0
Brad's friends should care for one excited mentor and Denise should care for some.,Brad's friends should care for one mentor and Denise should care for some excited.,syntax,ellipsis,ellipsis_n_bar_1,True,False,False,False,401,-109.28083801269531,-105.30377960205078,0
Some shoes don't shock few upset partners and a lot of lamps don't shock many.,Some shoes don't shock few partners and a lot of lamps don't shock many upset.,syntax,ellipsis,ellipsis_n_bar_1,True,False,False,False,402,-116.91092681884766,-111.36929321289062,0
Renee's ex-boyfriends notice one small restaurant and friends of Gerald notice three.,Renee's ex-boyfriends notice one restaurant and friends of Gerald notice three small.,syntax,ellipsis,ellipsis_n_bar_1,True,False,False,False,403,-135.0159912109375,-135.36343383789062,1
Derek cured one determined daughter and every student cured at least as many.,Derek cured one daughter and every student cured at least as many determined.,syntax,ellipsis,ellipsis_n_bar_1,True,False,False,False,404,-112.84062194824219,-106.93692016601562,0
Claire's friend wouldn't pass one small mall and Gerald wouldn't pass several.,Claire's friend wouldn't pass one mall and Gerald wouldn't pass several small.,syntax,ellipsis,ellipsis_n_bar_1,True,False,False,False,405,-113.16064453125,-112.17179870605469,0
A doctor's ex-girlfriends left one determined granddaughter and sisters of Kirsten left three.,A doctor's ex-girlfriends left one granddaughter and sisters of Kirsten left three determined.,syntax,ellipsis,ellipsis_n_bar_1,True,False,False,False,406,-143.09011840820312,-139.1668701171875,0
Theresa couldn't insult four out in the open children and Meredith couldn't insult five.,Theresa couldn't insult four children and Meredith couldn't insult five out in the open.,syntax,ellipsis,ellipsis_n_bar_1,True,False,False,False,407,-126.85957336425781,-121.07506561279297,0
All guys investigate three important universities and the Impressionists investigate fewer.,All guys investigate three universities and the Impressionists investigate fewer important.,syntax,ellipsis,ellipsis_n_bar_1,True,False,False,False,408,-107.11106872558594,-109.77641296386719,1
Steve hasn't hidden one green vase and Paul hasn't hidden at least as many.,Steve hasn't hidden one vase and Paul hasn't hidden at least as many green.,syntax,ellipsis,ellipsis_n_bar_1,True,False,False,False,409,-110.2369384765625,-109.50825500488281,0
Peter hasn't exited one out in the open cafe and Deanna hasn't exited three.,Peter hasn't exited one cafe and Deanna hasn't exited three out in the open.,syntax,ellipsis,ellipsis_n_bar_1,True,False,False,False,410,-125.72467803955078,-128.9412841796875,1
James was fixing a lot of small screens and Homer's granddaughters weren't fixing a few.,James was fixing a lot of screens and Homer's granddaughters weren't fixing a few small.,syntax,ellipsis,ellipsis_n_bar_1,True,False,False,False,411,-116.46601867675781,-117.05685424804688,1
That grandfather of Tammy forgot several fast drivers and the teenagers forgot a few.,That grandfather of Tammy forgot several drivers and the teenagers forgot a few fast.,syntax,ellipsis,ellipsis_n_bar_1,True,False,False,False,412,-115.75874328613281,-115.01692199707031,0
All nephews of most people investigate one excited dancer and Jesus's oncologists investigate few.,All nephews of most people investigate one dancer and Jesus's oncologists investigate few excited.,syntax,ellipsis,ellipsis_n_bar_1,True,False,False,False,413,-147.0931854248047,-143.22955322265625,0
Some ladies hated three employed lawyers and Rose's mother hated almost as many.,Some ladies hated three lawyers and Rose's mother hated almost as many employed.,syntax,ellipsis,ellipsis_n_bar_1,True,False,False,False,414,-109.88566589355469,-106.78001403808594,0
Rhonda has disgusted two big grandsons of and most committees had disgusted three.,Rhonda has disgusted two grandsons of and most committees had disgusted three big.,syntax,ellipsis,ellipsis_n_bar_1,True,False,False,False,415,-131.24288940429688,-132.49920654296875,1
These grocery stores aren't annoying many serious ex-wives and Candice is annoying few.,These grocery stores aren't annoying many ex-wives and Candice is annoying few serious.,syntax,ellipsis,ellipsis_n_bar_1,True,False,False,False,416,-129.10791015625,-125.6917724609375,0
Melanie's mothers like three cheap chairs and Brad's best friends like almost as many.,Melanie's mothers like three chairs and Brad's best friends like almost as many cheap.,syntax,ellipsis,ellipsis_n_bar_1,True,False,False,False,417,-115.20280456542969,-114.49584197998047,0
Paul thinks about two scared grandsons and Gerald thinks about three.,Paul thinks about two grandsons and Gerald thinks about three scared.,syntax,ellipsis,ellipsis_n_bar_1,True,False,False,False,418,-93.7523422241211,-89.99684143066406,0
All students mess up several brown dishes and these guests mess up a few.,All students mess up several dishes and these guests mess up a few brown.,syntax,ellipsis,ellipsis_n_bar_1,True,False,False,False,419,-89.59814453125,-91.3285140991211,1
Those ladies reference two smart tutors and many cousins of Irene reference three.,Those ladies reference two tutors and many cousins of Irene reference three smart.,syntax,ellipsis,ellipsis_n_bar_1,True,False,False,False,420,-128.61248779296875,-129.96339416503906,1
Travis's colleagues drive to one small grocery store and these ladies drive to many.,Travis's colleagues drive to one grocery store and these ladies drive to many small.,syntax,ellipsis,ellipsis_n_bar_1,True,False,False,False,421,-119.73107147216797,-118.30171966552734,0
Deanna's cousins hide many small cucumbers and the dancers hide few.,Deanna's cousins hide many cucumbers and the dancers hide few small.,syntax,ellipsis,ellipsis_n_bar_1,True,False,False,False,422,-114.73011779785156,-115.72330474853516,1
All waiters haven't dropped by three black rivers and the daughter of Benjamin had dropped by more.,All waiters haven't dropped by three rivers and the daughter of Benjamin had dropped by more black.,syntax,ellipsis,ellipsis_n_bar_1,True,False,False,False,423,-129.66534423828125,-130.02833557128906,1
Some father of Colleen wouldn't discover one yellow mirror and some nieces of Mitchell wouldn't discover a lot.,Some father of Colleen wouldn't discover one mirror and some nieces of Mitchell wouldn't discover a lot yellow.,syntax,ellipsis,ellipsis_n_bar_1,True,False,False,False,424,-164.5897216796875,-168.40438842773438,1
Meredith found a few rough glasses and many nieces of Thomas found a lot.,Meredith found a few glasses and many nieces of Thomas found a lot rough.,syntax,ellipsis,ellipsis_n_bar_1,True,False,False,False,425,-120.72589111328125,-120.6099624633789,0
Guy does dislike three upset ladies and that woman's ex-wife does dislike almost as many.,Guy does dislike three ladies and that woman's ex-wife does dislike almost as many upset.,syntax,ellipsis,ellipsis_n_bar_1,True,False,False,False,426,-129.59829711914062,-123.41790008544922,0
Winston Churchill's daughter was exiting one hard glacier and Rhonda was exiting more.,Winston Churchill's daughter was exiting one glacier and Rhonda was exiting more hard.,syntax,ellipsis,ellipsis_n_bar_1,True,False,False,False,427,-138.0853271484375,-134.0779571533203,0
Sarah doesn't cure one smart podiatrist and Homer doesn't cure more.,Sarah doesn't cure one podiatrist and Homer doesn't cure more smart.,syntax,ellipsis,ellipsis_n_bar_1,True,False,False,False,428,-115.09144592285156,-113.73714447021484,0
Carolyn hasn't dropped by three popular glaciers and those guests had dropped by two.,Carolyn hasn't dropped by three glaciers and those guests had dropped by two popular.,syntax,ellipsis,ellipsis_n_bar_1,True,False,False,False,429,-114.08786010742188,-116.01484680175781,1
The actors don't investigate one uncertain partner and Gerald would investigate many.,The actors don't investigate one partner and Gerald would investigate many uncertain.,syntax,ellipsis,ellipsis_n_bar_1,True,False,False,False,430,-101.5833740234375,-99.2254867553711,0
Every lady was fixing few bad screens and Dawn was fixing many.,Every lady was fixing few screens and Dawn was fixing many bad.,syntax,ellipsis,ellipsis_n_bar_1,True,False,False,False,431,-94.733154296875,-93.81201171875,0
That adult's guests observe no smart grandsons of and many people's classmates observe some.,That adult's guests observe no grandsons of and many people's classmates observe some smart.,syntax,ellipsis,ellipsis_n_bar_1,True,False,False,False,432,-155.55711364746094,-152.182373046875,0
Tracy is arriving at one hidden library and Tonya is arriving at more.,Tracy is arriving at one library and Tonya is arriving at more hidden.,syntax,ellipsis,ellipsis_n_bar_1,True,False,False,False,433,-107.20207214355469,-105.15991973876953,0
Scott's senator can arrive at a few big college campuses and Patrick can arrive at a lot.,Scott's senator can arrive at a few college campuses and Patrick can arrive at a lot big.,syntax,ellipsis,ellipsis_n_bar_1,True,False,False,False,434,-116.96343994140625,-125.00941467285156,1
Peter was referencing one old senator and Nancy was referencing several.,Peter was referencing one senator and Nancy was referencing several old.,syntax,ellipsis,ellipsis_n_bar_1,True,False,False,False,435,-91.10932922363281,-91.38807678222656,1
Kendra's piano teacher has sold five orange paintings of and Meredith has sold four.,Kendra's piano teacher has sold five paintings of and Meredith has sold four orange.,syntax,ellipsis,ellipsis_n_bar_1,True,False,False,False,436,-129.3594970703125,-129.0455322265625,0
A story about travel disturbed one big guest and that rabbit disturbed many.,A story about travel disturbed one guest and that rabbit disturbed many big.,syntax,ellipsis,ellipsis_n_bar_1,True,False,False,False,437,-116.0541000366211,-116.45234680175781,1
Craig is boring one confident customer and Beth's dentist is boring several.,Craig is boring one customer and Beth's dentist is boring several confident.,syntax,ellipsis,ellipsis_n_bar_1,True,False,False,False,438,-102.82037353515625,-97.94866943359375,0
Cindy hadn't kissed one upset friend of and Dennis hadn't kissed three.,Cindy hadn't kissed one friend of and Dennis hadn't kissed three upset.,syntax,ellipsis,ellipsis_n_bar_1,True,False,False,False,439,-122.89723205566406,-117.57614135742188,0
Charles's guest has fixed no purple convertibles and Daniel's sons have fixed some.,Charles's guest has fixed no convertibles and Daniel's sons have fixed some purple.,syntax,ellipsis,ellipsis_n_bar_1,True,False,False,False,440,-125.2752685546875,-121.95405578613281,0
Russell is listening to three happy brothers and Laura's supervisors were listening to fewer.,Russell is listening to three brothers and Laura's supervisors were listening to fewer happy.,syntax,ellipsis,ellipsis_n_bar_1,True,False,False,False,441,-101.49364471435547,-98.23039245605469,0
Stephen couldn't have three new rivers and Guy couldn't have more.,Stephen couldn't have three rivers and Guy couldn't have more new.,syntax,ellipsis,ellipsis_n_bar_1,True,False,False,False,442,-72.95509338378906,-74.46463012695312,1
That car shocks one bad waitress and the steak shocks some.,That car shocks one waitress and the steak shocks some bad.,syntax,ellipsis,ellipsis_n_bar_1,True,False,False,False,443,-96.76287078857422,-96.40998840332031,0
Most actresses are curing three confident brothers of and Bill's ex-husbands are curing almost as many.,Most actresses are curing three brothers of and Bill's ex-husbands are curing almost as many confident.,syntax,ellipsis,ellipsis_n_bar_1,True,False,False,False,444,-154.86233520507812,-147.91038513183594,0
Clyde might insult many good plays about and the Clintons might insult few.,Clyde might insult many plays about and the Clintons might insult few good.,syntax,ellipsis,ellipsis_n_bar_1,True,False,False,False,445,-139.91592407226562,-140.40367126464844,1
The Lutherans' cousins had watched one small guy and Paul had watched some.,The Lutherans' cousins had watched one guy and Paul had watched some small.,syntax,ellipsis,ellipsis_n_bar_1,True,False,False,False,446,-111.934814453125,-110.08279418945312,0
Most ladies scan one smart niece and all grandfathers of David scan more.,Most ladies scan one niece and all grandfathers of David scan more smart.,syntax,ellipsis,ellipsis_n_bar_1,True,False,False,False,447,-118.0545425415039,-116.19139099121094,0
Vincent's friends were kissing one lucky French teacher and Russell wasn't kissing some.,Vincent's friends were kissing one French teacher and Russell wasn't kissing some lucky.,syntax,ellipsis,ellipsis_n_bar_1,True,False,False,False,448,-120.66246032714844,-121.24714660644531,1
The Great Lakes aggravate a few messy museums and Nancy's hairdressers aggravate a lot.,The Great Lakes aggravate a few museums and Nancy's hairdressers aggravate a lot messy.,syntax,ellipsis,ellipsis_n_bar_1,True,False,False,False,449,-140.23158264160156,-142.46954345703125,1
Samuel was escaping from one green public park and the Impressionists' ex-girlfriends aren't escaping from a lot.,Samuel was escaping from one public park and the Impressionists' ex-girlfriends aren't escaping from a lot green.,syntax,ellipsis,ellipsis_n_bar_1,True,False,False,False,450,-169.826171875,-172.20187377929688,1
Caroline hadn't bored one fast father and Becky hadn't bored many.,Caroline hadn't bored one father and Becky hadn't bored many fast.,syntax,ellipsis,ellipsis_n_bar_1,True,False,False,False,451,-109.80555725097656,-107.92538452148438,0
Many sons of most actors worries one unemployed classmate and a lot of adults worries many.,Many sons of most actors worries one classmate and a lot of adults worries many unemployed.,syntax,ellipsis,ellipsis_n_bar_1,True,False,False,False,452,-124.62651824951172,-118.6369857788086,0
Connie's lawyers were leaving a lot of nice children and Eva was leaving a few.,Connie's lawyers were leaving a lot of children and Eva was leaving a few nice.,syntax,ellipsis,ellipsis_n_bar_1,True,False,False,False,453,-97.99575805664062,-99.52369689941406,1
Jerry's boss has boycotted few bad organizations and Ann has boycotted many.,Jerry's boss has boycotted few organizations and Ann has boycotted many bad.,syntax,ellipsis,ellipsis_n_bar_1,True,False,False,False,454,-136.9205322265625,-137.9993133544922,1
Carmen's dermatologists had argued about one young husband and Kayla had argued about three.,Carmen's dermatologists had argued about one husband and Kayla had argued about three young.,syntax,ellipsis,ellipsis_n_bar_1,True,False,False,False,455,-143.65362548828125,-143.49615478515625,0
Nicole didn't sell a few green books and Brett's doctor didn't sell a lot.,Nicole didn't sell a few books and Brett's doctor didn't sell a lot green.,syntax,ellipsis,ellipsis_n_bar_1,True,False,False,False,456,-102.34777069091797,-102.96318054199219,1
Carla's handymen will reference one out in the open woman and Robert's ex-wives will reference several.,Carla's handymen will reference one woman and Robert's ex-wives will reference several out in the open.,syntax,ellipsis,ellipsis_n_bar_1,True,False,False,False,457,-159.360595703125,-158.99891662597656,0
Kayla's sons aggravate one nice girl and Barbara's tutors aggravate three.,Kayla's sons aggravate one girl and Barbara's tutors aggravate three nice.,syntax,ellipsis,ellipsis_n_bar_1,True,False,False,False,458,-132.8834686279297,-133.78781127929688,1
Andrea listened to one fast grandmother and Ronald listened to some.,Andrea listened to one grandmother and Ronald listened to some fast.,syntax,ellipsis,ellipsis_n_bar_1,True,False,False,False,459,-88.91384887695312,-85.67025756835938,0
Some women were climbing down one important ladder and Sarah's hairdressers were climbing down more.,Some women were climbing down one ladder and Sarah's hairdressers were climbing down more important.,syntax,ellipsis,ellipsis_n_bar_1,True,False,False,False,460,-123.48806762695312,-114.50877380371094,0
That patient is approaching one busy sister and Lissa is approaching four.,That patient is approaching one sister and Lissa is approaching four busy.,syntax,ellipsis,ellipsis_n_bar_1,True,False,False,False,461,-100.4730224609375,-98.49479675292969,0
Lori hasn't criticized three displeased cousins of and the cashier's tutor hasn't criticized at least as many.,Lori hasn't criticized three cousins of and the cashier's tutor hasn't criticized at least as many displeased.,syntax,ellipsis,ellipsis_n_bar_1,True,False,False,False,462,-171.65658569335938,-168.99278259277344,0
A grandmother of the customer would argue about three nice podiatrists and an association would argue about more.,A grandmother of the customer would argue about three podiatrists and an association would argue about more nice.,syntax,ellipsis,ellipsis_n_bar_1,True,False,False,False,463,-156.39698791503906,-153.7193603515625,0
Robert's ex-girlfriends upsets one clever dermatologist and this projector upsets more.,Robert's ex-girlfriends upsets one dermatologist and this projector upsets more clever.,syntax,ellipsis,ellipsis_n_bar_1,True,False,False,False,464,-155.25424194335938,-155.488525390625,1
Claire hated few popular movies and Allison hated many.,Claire hated few movies and Allison hated many popular.,syntax,ellipsis,ellipsis_n_bar_1,True,False,False,False,465,-87.91505432128906,-86.34100341796875,0
Regina remembers several delighted pedestrians and Rose's girlfriend remembers a few.,Regina remembers several pedestrians and Rose's girlfriend remembers a few delighted.,syntax,ellipsis,ellipsis_n_bar_1,True,False,False,False,466,-103.98262023925781,-101.92782592773438,0
Kathleen might hide one happy boyfriend and Marcus might hide many.,Kathleen might hide one boyfriend and Marcus might hide many happy.,syntax,ellipsis,ellipsis_n_bar_1,True,False,False,False,467,-118.92339324951172,-117.47438049316406,0
Monet won't kiss three determined cashiers and Kristin's guest won't kiss fewer.,Monet won't kiss three cashiers and Kristin's guest won't kiss fewer determined.,syntax,ellipsis,ellipsis_n_bar_1,True,False,False,False,468,-138.88258361816406,-137.2752685546875,0
Marla is bringing one broken skateboard and Karla is bringing five.,Marla is bringing one skateboard and Karla is bringing five broken.,syntax,ellipsis,ellipsis_n_bar_1,True,False,False,False,469,-98.37976837158203,-96.59791564941406,0
Daniel would hire few scared students and that adult would hire many.,Daniel would hire few students and that adult would hire many scared.,syntax,ellipsis,ellipsis_n_bar_1,True,False,False,False,470,-92.23433685302734,-89.38236236572266,0
Those reports about the Great Lakes wouldn't impress one bad girl and this book wouldn't impress four.,Those reports about the Great Lakes wouldn't impress one girl and this book wouldn't impress four bad.,syntax,ellipsis,ellipsis_n_bar_1,True,False,False,False,471,-127.06636047363281,-129.0083465576172,1
Dan will investigate one unlucky husband and Bill's partners will investigate a lot.,Dan will investigate one husband and Bill's partners will investigate a lot unlucky.,syntax,ellipsis,ellipsis_n_bar_1,True,False,False,False,472,-97.63307189941406,-98.2916488647461,1
Donald arrives at a few important glaciers and an actress arrives at a lot.,Donald arrives at a few glaciers and an actress arrives at a lot important.,syntax,ellipsis,ellipsis_n_bar_1,True,False,False,False,473,-85.66020202636719,-89.15689849853516,1
Russell cleans one yellow rug and every girl cleans a few.,Russell cleans one rug and every girl cleans a few yellow.,syntax,ellipsis,ellipsis_n_bar_1,True,False,False,False,474,-80.74220275878906,-81.97163391113281,1
Claire won't discover many sick French teachers and Ella won't discover few.,Claire won't discover many French teachers and Ella won't discover few sick.,syntax,ellipsis,ellipsis_n_bar_1,True,False,False,False,475,-119.37787628173828,-116.56517791748047,0
Curtis's handymen haven't embarrassed no displeased electricians and these friends of Theodore haven't embarrassed some.,Curtis's handymen haven't embarrassed no electricians and these friends of Theodore haven't embarrassed some displeased.,syntax,ellipsis,ellipsis_n_bar_1,True,False,False,False,476,-185.53721618652344,-184.51026916503906,0
Joseph couldn't forget one bad daughter and Amanda couldn't forget five.,Joseph couldn't forget one daughter and Amanda couldn't forget five bad.,syntax,ellipsis,ellipsis_n_bar_1,True,False,False,False,477,-85.16356658935547,-85.271240234375,1
The niece of Ella is breaking one purple glass and Guy is breaking a lot.,The niece of Ella is breaking one glass and Guy is breaking a lot purple.,syntax,ellipsis,ellipsis_n_bar_1,True,False,False,False,478,-104.83145904541016,-109.29754638671875,1
Claire can't alarm a few important universities and Rachel can't alarm a lot.,Claire can't alarm a few universities and Rachel can't alarm a lot important.,syntax,ellipsis,ellipsis_n_bar_1,True,False,False,False,479,-102.44019317626953,-103.65879821777344,1
Some grandsons of Karen upsets three lucky hairdressers and that public park upsets two.,Some grandsons of Karen upsets three hairdressers and that public park upsets two lucky.,syntax,ellipsis,ellipsis_n_bar_1,True,False,False,False,480,-170.08453369140625,-169.93948364257812,0
Monet insults one young actor and Sonia's lawyer insults four.,Monet insults one actor and Sonia's lawyer insults four young.,syntax,ellipsis,ellipsis_n_bar_1,True,False,False,False,481,-109.01899719238281,-108.52001953125,0
Some company buys one red box and Tara buys four.,Some company buys one box and Tara buys four red.,syntax,ellipsis,ellipsis_n_bar_1,True,False,False,False,482,-84.1760482788086,-86.53755950927734,1
Kristen wasn't discovering two out in the open grandfathers and most nephews of Karla aren't discovering three.,Kristen wasn't discovering two grandfathers and most nephews of Karla aren't discovering three out in the open.,syntax,ellipsis,ellipsis_n_bar_1,True,False,False,False,483,-162.51629638671875,-163.08859252929688,1
Anna's niece visits a lot of bad dermatologists and Tiffany visits a few.,Anna's niece visits a lot of dermatologists and Tiffany visits a few bad.,syntax,ellipsis,ellipsis_n_bar_1,True,False,False,False,484,-106.3721923828125,-108.90365600585938,1
A lot of guys' piano teacher notices one young best friend and Galileo's boyfriend notices three.,A lot of guys' piano teacher notices one best friend and Galileo's boyfriend notices three young.,syntax,ellipsis,ellipsis_n_bar_1,True,False,False,False,485,-151.12945556640625,-152.41189575195312,1
Catherine works with one determined wife and some teenager works with more.,Catherine works with one wife and some teenager works with more determined.,syntax,ellipsis,ellipsis_n_bar_1,True,False,False,False,486,-90.92774963378906,-84.744873046875,0
Benjamin couldn't clean one big drawing and Vanessa couldn't clean more.,Benjamin couldn't clean one drawing and Vanessa couldn't clean more big.,syntax,ellipsis,ellipsis_n_bar_1,True,False,False,False,487,-96.96946716308594,-99.6553726196289,1
Sherry's boss observes few troubled hairdressers and this cashier observes many.,Sherry's boss observes few hairdressers and this cashier observes many troubled.,syntax,ellipsis,ellipsis_n_bar_1,True,False,False,False,488,-159.65518188476562,-153.66903686523438,0
Kenneth hasn't alarmed three out in the open daughters and every eggplant hasn't alarmed fewer.,Kenneth hasn't alarmed three daughters and every eggplant hasn't alarmed fewer out in the open.,syntax,ellipsis,ellipsis_n_bar_1,True,False,False,False,489,-156.00088500976562,-147.2775421142578,0
Claire questioned many hidden pedestrians and Samantha questioned few.,Claire questioned many pedestrians and Samantha questioned few hidden.,syntax,ellipsis,ellipsis_n_bar_1,True,False,False,False,490,-95.36788940429688,-96.16409301757812,1
Cousins of Noah are kissing one smart mother of and Peter was kissing two.,Cousins of Noah are kissing one mother of and Peter was kissing two smart.,syntax,ellipsis,ellipsis_n_bar_1,True,False,False,False,491,-130.84033203125,-128.89219665527344,0
Tanya remembers a few ill bosses and a niece of Helen remembers a lot.,Tanya remembers a few bosses and a niece of Helen remembers a lot ill.,syntax,ellipsis,ellipsis_n_bar_1,True,False,False,False,492,-113.37744140625,-115.817626953125,1
All grandfathers of Anne weren't revealing three lucky fathers and Cindy is revealing at least as many.,All grandfathers of Anne weren't revealing three fathers and Cindy is revealing at least as many lucky.,syntax,ellipsis,ellipsis_n_bar_1,True,False,False,False,493,-147.85549926757812,-145.9234619140625,0
Most pants haven't stunned one unsure boss and most windows haven't stunned four.,Most pants haven't stunned one boss and most windows haven't stunned four unsure.,syntax,ellipsis,ellipsis_n_bar_1,True,False,False,False,494,-123.96771240234375,-122.8957748413086,0
The Lutherans were curing many content sisters of and that guest isn't curing few.,The Lutherans were curing many sisters of and that guest isn't curing few content.,syntax,ellipsis,ellipsis_n_bar_1,True,False,False,False,495,-132.29307556152344,-126.35324096679688,0
Some grandmothers of Tracy have loved several ill French teachers and Beverly hadn't loved a few.,Some grandmothers of Tracy have loved several French teachers and Beverly hadn't loved a few ill.,syntax,ellipsis,ellipsis_n_bar_1,True,False,False,False,496,-129.89013671875,-126.12617492675781,0
Denise explores one brown lake and Lori explores several.,Denise explores one lake and Lori explores several brown.,syntax,ellipsis,ellipsis_n_bar_1,True,False,False,False,497,-93.45698547363281,-92.71945190429688,0
Ann didn't aggravate three unsure daughters of and Linda's senator didn't aggravate two.,Ann didn't aggravate three daughters of and Linda's senator didn't aggravate two unsure.,syntax,ellipsis,ellipsis_n_bar_1,True,False,False,False,498,-135.3414764404297,-131.8668212890625,0
Pedestrians help three displeased nieces and a lot of grandmothers of Tracy help almost as many.,Pedestrians help three nieces and a lot of grandmothers of Tracy help almost as many displeased.,syntax,ellipsis,ellipsis_n_bar_1,True,False,False,False,499,-169.33749389648438,-164.92971801757812,0
Water annoys a few displeased girls and this chair annoys a lot.,Water annoys a few girls and this chair annoys a lot displeased.,syntax,ellipsis,ellipsis_n_bar_1,True,False,False,False,500,-105.988525390625,-106.00465393066406,1
Randolf's mothers were returning to three popular museums and Pamela was returning to fewer.,Randolf's mothers were returning to three museums and Pamela was returning to fewer popular.,syntax,ellipsis,ellipsis_n_bar_1,True,False,False,False,501,-113.70378112792969,-115.49565887451172,1
Becky researches no old mentees and Eric researches some.,Becky researches no mentees and Eric researches some old.,syntax,ellipsis,ellipsis_n_bar_1,True,False,False,False,502,-119.50997924804688,-118.53126525878906,0
The actress's classmates know several unsure sons and friends of Curtis know a few.,The actress's classmates know several sons and friends of Curtis know a few unsure.,syntax,ellipsis,ellipsis_n_bar_1,True,False,False,False,503,-117.07192993164062,-111.9334716796875,0
Waitresses' colleague dropped by three new grocery stores and this granddaughter of Derek dropped by fewer.,Waitresses' colleague dropped by three grocery stores and this granddaughter of Derek dropped by fewer new.,syntax,ellipsis,ellipsis_n_bar_1,True,False,False,False,504,-145.5668182373047,-149.8578643798828,1
Some senator cleans one good skirt and a doctor cleans few.,Some senator cleans one skirt and a doctor cleans few good.,syntax,ellipsis,ellipsis_n_bar_1,True,False,False,False,505,-89.63249969482422,-91.92443084716797,1
Tamara couldn't investigate a few clever mothers of and Eric's colleagues couldn't investigate a lot.,Tamara couldn't investigate a few mothers of and Eric's colleagues couldn't investigate a lot clever.,syntax,ellipsis,ellipsis_n_bar_1,True,False,False,False,506,-126.39314270019531,-127.097412109375,1
Most girls disagreed with two concealed grandfathers and some drivers disagreed with three.,Most girls disagreed with two grandfathers and some drivers disagreed with three concealed.,syntax,ellipsis,ellipsis_n_bar_1,True,False,False,False,507,-111.91573333740234,-112.62226867675781,1
These actors resemble two blue drawings and these grandsons of Debra resemble three.,These actors resemble two drawings and these grandsons of Debra resemble three blue.,syntax,ellipsis,ellipsis_n_bar_1,True,False,False,False,508,-129.86221313476562,-131.596435546875,1
Debra finds three popular glaciers and Lori finds two.,Debra finds three glaciers and Lori finds two popular.,syntax,ellipsis,ellipsis_n_bar_1,True,False,False,False,509,-91.45123291015625,-94.14960479736328,1
Catherine can't leave a few unlucky oncologists and Stacy can't leave a lot.,Catherine can't leave a few oncologists and Stacy can't leave a lot unlucky.,syntax,ellipsis,ellipsis_n_bar_1,True,False,False,False,510,-116.38235473632812,-119.7816390991211,1
Carolyn's piano teachers escaped from one good patient and the Clintons' mentee escaped from several.,Carolyn's piano teachers escaped from one patient and the Clintons' mentee escaped from several good.,syntax,ellipsis,ellipsis_n_bar_1,True,False,False,False,511,-156.18162536621094,-155.13632202148438,0
Noah could buy three green photographs of and the Lutherans could buy almost as many.,Noah could buy three photographs of and the Lutherans could buy almost as many green.,syntax,ellipsis,ellipsis_n_bar_1,True,False,False,False,512,-128.37564086914062,-128.5505828857422,1
Some guest knows one nice doctor and Patricia knows two.,Some guest knows one doctor and Patricia knows two nice.,syntax,ellipsis,ellipsis_n_bar_1,True,False,False,False,513,-79.25482940673828,-80.20857238769531,1
Some children hug one serious ex-husband and a lady's colleagues hug more.,Some children hug one ex-husband and a lady's colleagues hug more serious.,syntax,ellipsis,ellipsis_n_bar_1,True,False,False,False,514,-107.69474792480469,-105.00732421875,0
Bradley kissed one unconvinced senator and Diane's teachers kissed four.,Bradley kissed one senator and Diane's teachers kissed four unconvinced.,syntax,ellipsis,ellipsis_n_bar_1,True,False,False,False,515,-128.52276611328125,-126.6640625,0
Elizabeth cares for three hidden best friends and Nicole cares for almost as many.,Elizabeth cares for three best friends and Nicole cares for almost as many hidden.,syntax,ellipsis,ellipsis_n_bar_1,True,False,False,False,516,-104.92141723632812,-101.81271362304688,0
Diane's dentist cares for three lost grandsons and Edward cares for at least as many.,Diane's dentist cares for three grandsons and Edward cares for at least as many lost.,syntax,ellipsis,ellipsis_n_bar_1,True,False,False,False,517,-147.56040954589844,-142.09584045410156,0
That customer had attacked five good waitresses and the men's partner had attacked four.,That customer had attacked five waitresses and the men's partner had attacked four good.,syntax,ellipsis,ellipsis_n_bar_1,True,False,False,False,518,-118.99330139160156,-119.29383087158203,1
Jodi's son is disagreeing with one bad guest and Karen's dermatologist is disagreeing with three.,Jodi's son is disagreeing with one guest and Karen's dermatologist is disagreeing with three bad.,syntax,ellipsis,ellipsis_n_bar_1,True,False,False,False,519,-161.07550048828125,-162.52362060546875,1
Those newspaper articles about science irritated three old contractors and the pictures of Maria irritated more.,Those newspaper articles about science irritated three contractors and the pictures of Maria irritated more old.,syntax,ellipsis,ellipsis_n_bar_1,True,False,False,False,520,-126.83656311035156,-129.25332641601562,1
These waitresses' associate wasn't boycotting few concealed lakes and Maria wasn't boycotting many.,These waitresses' associate wasn't boycotting few lakes and Maria wasn't boycotting many concealed.,syntax,ellipsis,ellipsis_n_bar_1,True,False,False,False,521,-176.06871032714844,-173.60906982421875,0
Edward knew one upset man and these women knew more.,Edward knew one man and these women knew more upset.,syntax,ellipsis,ellipsis_n_bar_1,True,False,False,False,522,-64.32421875,-62.689979553222656,0
The man drove to one important closet and Natalie drove to a few.,The man drove to one closet and Natalie drove to a few important.,syntax,ellipsis,ellipsis_n_bar_1,True,False,False,False,523,-88.64422607421875,-85.87268829345703,0
Guy escaped from a few busy girls and the actor escaped from several.,Guy escaped from a few girls and the actor escaped from several busy.,syntax,ellipsis,ellipsis_n_bar_1,True,False,False,False,524,-83.28436279296875,-80.15946197509766,0
A driver flees from one purple college campus and Becky flees from at least as many.,A driver flees from one college campus and Becky flees from at least as many purple.,syntax,ellipsis,ellipsis_n_bar_1,True,False,False,False,525,-149.67552185058594,-144.92822265625,0
A customer is impressing one young tutor and Grace's cousin is impressing more.,A customer is impressing one tutor and Grace's cousin is impressing more young.,syntax,ellipsis,ellipsis_n_bar_1,True,False,False,False,526,-125.03767395019531,-126.17283630371094,1
All guys' doctor tours one dirty public park and Rachelle tours many.,All guys' doctor tours one public park and Rachelle tours many dirty.,syntax,ellipsis,ellipsis_n_bar_1,True,False,False,False,527,-126.4937744140625,-124.7444839477539,0
Jesus wasn't wearing three yellow pants and every waiter wasn't wearing fewer.,Jesus wasn't wearing three pants and every waiter wasn't wearing fewer yellow.,syntax,ellipsis,ellipsis_n_bar_1,True,False,False,False,528,-96.13658905029297,-99.80042266845703,1
Chad wasn't researching two long plays and that driver wasn't researching three.,Chad wasn't researching two plays and that driver wasn't researching three long.,syntax,ellipsis,ellipsis_n_bar_1,True,False,False,False,529,-104.04529571533203,-101.90727233886719,0
Drawings hadn't looked like four lost brothers and every sketch of Brenda hadn't looked like five.,Drawings hadn't looked like four brothers and every sketch of Brenda hadn't looked like five lost.,syntax,ellipsis,ellipsis_n_bar_1,True,False,False,False,530,-131.4666290283203,-126.6202621459961,0
That coat shouldn't stun one nice husband and Thomas shouldn't stun five.,That coat shouldn't stun one husband and Thomas shouldn't stun five nice.,syntax,ellipsis,ellipsis_n_bar_1,True,False,False,False,531,-118.89033508300781,-120.87321472167969,1
Ruth hasn't hugged one out in the open person and Pamela's partner hasn't hugged several.,Ruth hasn't hugged one person and Pamela's partner hasn't hugged several out in the open.,syntax,ellipsis,ellipsis_n_bar_1,True,False,False,False,532,-151.60755920410156,-150.30389404296875,0
Patients haven't run around three old high schools and Jacqueline hadn't run around almost as many.,Patients haven't run around three high schools and Jacqueline hadn't run around almost as many old.,syntax,ellipsis,ellipsis_n_bar_1,True,False,False,False,533,-127.91426086425781,-129.11663818359375,1
Most grocery stores disgust no fast senators and the movies about Galileo disgust some.,Most grocery stores disgust no senators and the movies about Galileo disgust some fast.,syntax,ellipsis,ellipsis_n_bar_1,True,False,False,False,534,-134.36767578125,-133.23995971679688,0
Kevin's granddaughter healed one excited girl and Alicia healed some.,Kevin's granddaughter healed one girl and Alicia healed some excited.,syntax,ellipsis,ellipsis_n_bar_1,True,False,False,False,535,-93.513427734375,-88.77677917480469,0
The Borgias are skated around five clean museums and Karen isn't skated around four.,The Borgias are skated around five museums and Karen isn't skated around four clean.,syntax,ellipsis,ellipsis_n_bar_1,True,False,False,False,536,-132.80555725097656,-133.27841186523438,1
Gina was breaking one dirty couch and Jessica was breaking three.,Gina was breaking one couch and Jessica was breaking three dirty.,syntax,ellipsis,ellipsis_n_bar_1,True,False,False,False,537,-94.58836364746094,-93.57839965820312,0
Some fathers of this cashier aggravates one employed classmate and Matt's brothers aggravates three.,Some fathers of this cashier aggravates one classmate and Matt's brothers aggravates three employed.,syntax,ellipsis,ellipsis_n_bar_1,True,False,False,False,538,-150.0644073486328,-150.6409149169922,1
The children's podiatrists fire one determined wife and a lot of students fire more.,The children's podiatrists fire one wife and a lot of students fire more determined.,syntax,ellipsis,ellipsis_n_bar_1,True,False,False,False,539,-136.591796875,-134.06613159179688,0
Leslie's mentors describe three yellow reports about and those waiters describe more.,Leslie's mentors describe three reports about and those waiters describe more yellow.,syntax,ellipsis,ellipsis_n_bar_1,True,False,False,False,540,-128.20887756347656,-128.50244140625,1
Turtles were impressing no smart cousins of and some friends of Anna were impressing some.,Turtles were impressing no cousins of and some friends of Anna were impressing some smart.,syntax,ellipsis,ellipsis_n_bar_1,True,False,False,False,541,-147.14430236816406,-144.95213317871094,0
The senator's cousins return to one unlucky podiatrist and William's granddaughters return to more.,The senator's cousins return to one podiatrist and William's granddaughters return to more unlucky.,syntax,ellipsis,ellipsis_n_bar_1,True,False,False,False,542,-159.017333984375,-157.13870239257812,0
Jeffrey sounds like one hidden waiter and every woman sounds like more.,Jeffrey sounds like one waiter and every woman sounds like more hidden.,syntax,ellipsis,ellipsis_n_bar_1,True,False,False,False,543,-84.65254211425781,-83.2613296508789,0
Kayla's ex-girlfriends remember several content senators and Brad's grandmothers remember a few.,Kayla's ex-girlfriends remember several senators and Brad's grandmothers remember a few content.,syntax,ellipsis,ellipsis_n_bar_1,True,False,False,False,544,-142.63381958007812,-138.550537109375,0
Dan hasn't discovered one out in the open snake and Laurie's classmate hasn't discovered many.,Dan hasn't discovered one snake and Laurie's classmate hasn't discovered many out in the open.,syntax,ellipsis,ellipsis_n_bar_1,True,False,False,False,545,-119.82432556152344,-121.16510009765625,1
Customers were finding one popular cat and the bird is finding more.,Customers were finding one cat and the bird is finding more popular.,syntax,ellipsis,ellipsis_n_bar_1,True,False,False,False,546,-77.88346099853516,-74.66886901855469,0
Bruce can criticize few rough hospitals and Jennifer can criticize many.,Bruce can criticize few hospitals and Jennifer can criticize many rough.,syntax,ellipsis,ellipsis_n_bar_1,True,False,False,False,547,-94.50563049316406,-95.14566802978516,1
Renee hasn't investigated one employed pedestrian and the boys hadn't investigated at least as many.,Renee hasn't investigated one pedestrian and the boys hadn't investigated at least as many employed.,syntax,ellipsis,ellipsis_n_bar_1,True,False,False,False,548,-120.63526153564453,-117.86953735351562,0
Becky could aggravate a lot of confident doctors and Kendra could aggravate a few.,Becky could aggravate a lot of doctors and Kendra could aggravate a few confident.,syntax,ellipsis,ellipsis_n_bar_1,True,False,False,False,549,-119.7649917602539,-114.69122314453125,0
Beverly's tutor has dropped by one popular art gallery and Paula has dropped by four.,Beverly's tutor has dropped by one art gallery and Paula has dropped by four popular.,syntax,ellipsis,ellipsis_n_bar_1,True,False,False,False,550,-144.00668334960938,-145.80300903320312,1
Jessica isn't cleaning one old dress and Beth isn't cleaning more.,Jessica isn't cleaning one dress and Beth isn't cleaning more old.,syntax,ellipsis,ellipsis_n_bar_1,True,False,False,False,551,-91.29335021972656,-92.88371276855469,1
Some lady's oncologist investigates three unemployed sisters of and Susan investigates at least as many.,Some lady's oncologist investigates three sisters of and Susan investigates at least as many unemployed.,syntax,ellipsis,ellipsis_n_bar_1,True,False,False,False,552,-152.5445556640625,-145.51255798339844,0
Some doctors worries one exposed brother of and Dana's electricians worries some.,Some doctors worries one brother of and Dana's electricians worries some exposed.,syntax,ellipsis,ellipsis_n_bar_1,True,False,False,False,553,-120.96782684326172,-117.08828735351562,0
Marcus is examining one clever grandmother of and the student is examining a lot.,Marcus is examining one grandmother of and the student is examining a lot clever.,syntax,ellipsis,ellipsis_n_bar_1,True,False,False,False,554,-95.667724609375,-95.13426208496094,0
Theresa's mentees might sell one blue projector and that nephew of Frank might sell a few.,Theresa's mentees might sell one projector and that nephew of Frank might sell a few blue.,syntax,ellipsis,ellipsis_n_bar_1,True,False,False,False,555,-144.90670776367188,-144.71200561523438,0
All photographs hurt one big niece and granddaughters of Jesus hurt a lot.,All photographs hurt one niece and granddaughters of Jesus hurt a lot big.,syntax,ellipsis,ellipsis_n_bar_1,True,False,False,False,556,-110.12040710449219,-117.3302993774414,1
A lot of girls were annoying one smart granddaughter of and a senator isn't annoying at least as many.,A lot of girls were annoying one granddaughter of and a senator isn't annoying at least as many smart.,syntax,ellipsis,ellipsis_n_bar_1,True,False,False,False,557,-147.10452270507812,-142.76531982421875,0
These guests might drop by few orange lakes and Catherine's father might drop by many.,These guests might drop by few lakes and Catherine's father might drop by many orange.,syntax,ellipsis,ellipsis_n_bar_1,True,False,False,False,558,-119.50798034667969,-118.32874298095703,0
Cheryl's dermatologists loved one smart guest and Nicole loved two.,Cheryl's dermatologists loved one guest and Nicole loved two smart.,syntax,ellipsis,ellipsis_n_bar_1,True,False,False,False,559,-127.47361755371094,-125.79098510742188,0
Russell hasn't approached one uncertain actor and Christopher hasn't approached some.,Russell hasn't approached one actor and Christopher hasn't approached some uncertain.,syntax,ellipsis,ellipsis_n_bar_1,True,False,False,False,560,-96.43225860595703,-93.69593811035156,0
Becca reveals five uncertain mothers and Paula reveals four.,Becca reveals five mothers and Paula reveals four uncertain.,syntax,ellipsis,ellipsis_n_bar_1,True,False,False,False,561,-92.77098083496094,-91.71493530273438,0
The Lutherans hadn't argued about three unlucky friends of and Katherine hadn't argued about at least as many.,The Lutherans hadn't argued about three friends of and Katherine hadn't argued about at least as many unlucky.,syntax,ellipsis,ellipsis_n_bar_1,True,False,False,False,562,-148.22972106933594,-143.37631225585938,0
Kimberley can't clean one old shoe and Teresa can't clean at least as many.,Kimberley can't clean one shoe and Teresa can't clean at least as many old.,syntax,ellipsis,ellipsis_n_bar_1,True,False,False,False,563,-114.36112976074219,-112.65631103515625,0
Dennis had discovered no red unicycles and Theodore's employees had discovered some.,Dennis had discovered no unicycles and Theodore's employees had discovered some red.,syntax,ellipsis,ellipsis_n_bar_1,True,False,False,False,564,-142.08203125,-139.59793090820312,0
Some dancer was descending four gray stairs and Veronica was descending five.,Some dancer was descending four stairs and Veronica was descending five gray.,syntax,ellipsis,ellipsis_n_bar_1,True,False,False,False,565,-105.77165985107422,-107.72946166992188,1
Gina climbed down a few white slopes and Barbara's electrician climbed down a lot.,Gina climbed down a few slopes and Barbara's electrician climbed down a lot white.,syntax,ellipsis,ellipsis_n_bar_1,True,False,False,False,566,-125.22697448730469,-131.65689086914062,1
Samantha examined a lot of exposed reports about and Brian examined a few.,Samantha examined a lot of reports about and Brian examined a few exposed.,syntax,ellipsis,ellipsis_n_bar_1,True,False,False,False,567,-112.60363006591797,-110.86023712158203,0
Tonya was boycotting one cheap museum and Jill's French teachers aren't boycotting a lot.,Tonya was boycotting one museum and Jill's French teachers aren't boycotting a lot cheap.,syntax,ellipsis,ellipsis_n_bar_1,True,False,False,False,568,-150.51461791992188,-152.00006103515625,1
Barbara has remembered one small school and Eric has remembered a lot.,Barbara has remembered one school and Eric has remembered a lot small.,syntax,ellipsis,ellipsis_n_bar_1,True,False,False,False,569,-80.47347259521484,-87.85103607177734,1
Larry's teachers exit one smooth closet and these waiters exit five.,Larry's teachers exit one closet and these waiters exit five smooth.,syntax,ellipsis,ellipsis_n_bar_1,True,False,False,False,570,-106.00421905517578,-104.47837829589844,0
Rodney climbs up many hard hills and Tara climbs up few.,Rodney climbs up many hills and Tara climbs up few hard.,syntax,ellipsis,ellipsis_n_bar_1,True,False,False,False,571,-91.78459930419922,-91.2726821899414,0
Janet has visited a few big mothers of and this patient has visited a lot.,Janet has visited a few mothers of and this patient has visited a lot big.,syntax,ellipsis,ellipsis_n_bar_1,True,False,False,False,572,-105.69334411621094,-110.72992706298828,1
Cheryl's mentee is discussing one hidden art gallery and the actress is discussing two.,Cheryl's mentee is discussing one art gallery and the actress is discussing two hidden.,syntax,ellipsis,ellipsis_n_bar_1,True,False,False,False,573,-153.69967651367188,-154.7504425048828,1
Naomi hadn't returned to one old school and this dancer hadn't returned to two.,Naomi hadn't returned to one school and this dancer hadn't returned to two old.,syntax,ellipsis,ellipsis_n_bar_1,True,False,False,False,574,-92.25485229492188,-92.95719909667969,1
Every daughter of Lisa isn't investigating no young sons of and Leslie isn't investigating some.,Every daughter of Lisa isn't investigating no sons of and Leslie isn't investigating some young.,syntax,ellipsis,ellipsis_n_bar_1,True,False,False,False,575,-128.01820373535156,-129.84519958496094,1
Holly's piano teachers escape from one out in the open grandfather and the cashiers escape from at least as many.,Holly's piano teachers escape from one grandfather and the cashiers escape from at least as many out in the open.,syntax,ellipsis,ellipsis_n_bar_1,True,False,False,False,576,-160.4076690673828,-160.0924072265625,0
Leslie was returning to no rough glaciers and Julie was returning to some.,Leslie was returning to no glaciers and Julie was returning to some rough.,syntax,ellipsis,ellipsis_n_bar_1,True,False,False,False,577,-98.93296813964844,-99.76175689697266,1
Marie's nieces hire one bad ex-wife and Linda's French teachers hire several.,Marie's nieces hire one ex-wife and Linda's French teachers hire several bad.,syntax,ellipsis,ellipsis_n_bar_1,True,False,False,False,578,-142.49688720703125,-141.34132385253906,0
Dawn kisses a few unconvinced partners and Carol kisses a lot.,Dawn kisses a few partners and Carol kisses a lot unconvinced.,syntax,ellipsis,ellipsis_n_bar_1,True,False,False,False,579,-126.87035369873047,-132.12982177734375,1
Those waitresses were scaring one happy sister and some rice isn't scaring five.,Those waitresses were scaring one sister and some rice isn't scaring five happy.,syntax,ellipsis,ellipsis_n_bar_1,True,False,False,False,580,-121.85723114013672,-118.64176940917969,0
Guy's granddaughter ascended one concealed slope and a lot of grandsons of Todd ascended two.,Guy's granddaughter ascended one slope and a lot of grandsons of Todd ascended two concealed.,syntax,ellipsis,ellipsis_n_bar_1,True,False,False,False,581,-139.21292114257812,-138.29855346679688,0
Jane observed three uncertain sons and Keith observed almost as many.,Jane observed three sons and Keith observed almost as many uncertain.,syntax,ellipsis,ellipsis_n_bar_1,True,False,False,False,582,-95.54010009765625,-89.98052978515625,0
Samantha's daughters think about three hard turtles and all grandsons of Jerry think about fewer.,Samantha's daughters think about three turtles and all grandsons of Jerry think about fewer hard.,syntax,ellipsis,ellipsis_n_bar_1,True,False,False,False,583,-151.6788330078125,-150.86825561523438,0
Ann is lifting three white couches and a sister of many girls is lifting fewer.,Ann is lifting three couches and a sister of many girls is lifting fewer white.,syntax,ellipsis,ellipsis_n_bar_1,True,False,False,False,584,-123.75276184082031,-127.1388931274414,1
Diana would know one content contractor and Catherine would know five.,Diana would know one contractor and Catherine would know five content.,syntax,ellipsis,ellipsis_n_bar_1,True,False,False,False,585,-100.93617248535156,-96.75602722167969,0
Waitresses' cousins distracts three employed dancers and every hat distracts more.,Waitresses' cousins distracts three dancers and every hat distracts more employed.,syntax,ellipsis,ellipsis_n_bar_1,True,False,False,False,586,-138.89886474609375,-138.501220703125,0
Peter passed several purple banks and adults passed a few.,Peter passed several banks and adults passed a few purple.,syntax,ellipsis,ellipsis_n_bar_1,True,False,False,False,587,-71.2242202758789,-71.4057846069336,1
Rachel's doctors could aggravate three good associations and some hamsters could aggravate almost as many.,Rachel's doctors could aggravate three associations and some hamsters could aggravate almost as many good.,syntax,ellipsis,ellipsis_n_bar_1,True,False,False,False,588,-136.39828491210938,-135.2694091796875,0
Judy's French teacher shouldn't describe five good movies about and a hospital shouldn't describe four.,Judy's French teacher shouldn't describe five movies about and a hospital shouldn't describe four good.,syntax,ellipsis,ellipsis_n_bar_1,True,False,False,False,589,-126.36493682861328,-127.44522094726562,1
Winston Churchill should walk through three brown public parks and Maria should walk through at least as many.,Winston Churchill should walk through three public parks and Maria should walk through at least as many brown.,syntax,ellipsis,ellipsis_n_bar_1,True,False,False,False,590,-136.77545166015625,-133.568603515625,0
Christina confused one excited customer and Naomi's dermatologists confused several.,Christina confused one customer and Naomi's dermatologists confused several excited.,syntax,ellipsis,ellipsis_n_bar_1,True,False,False,False,591,-125.21054077148438,-121.27879333496094,0
A girl helped three important adults and most schools helped more.,A girl helped three adults and most schools helped more important.,syntax,ellipsis,ellipsis_n_bar_1,True,False,False,False,592,-87.97027587890625,-86.17615509033203,0
Christopher's electricians were fixing one gray couch and Rachelle is fixing at least as many.,Christopher's electricians were fixing one couch and Rachelle is fixing at least as many gray.,syntax,ellipsis,ellipsis_n_bar_1,True,False,False,False,593,-132.6136016845703,-134.45803833007812,1
Katherine returned to one bad ex-boyfriend and Tanya returned to two.,Katherine returned to one ex-boyfriend and Tanya returned to two bad.,syntax,ellipsis,ellipsis_n_bar_1,True,False,False,False,594,-110.54714965820312,-111.90179443359375,1
Connie's employee had cleaned a few big eyes and Michael had cleaned a lot.,Connie's employee had cleaned a few eyes and Michael had cleaned a lot big.,syntax,ellipsis,ellipsis_n_bar_1,True,False,False,False,595,-101.59588623046875,-107.7191162109375,1
James is fixing three concealed cups and Michelle's oncologists are fixing more.,James is fixing three cups and Michelle's oncologists are fixing more concealed.,syntax,ellipsis,ellipsis_n_bar_1,True,False,False,False,596,-119.9184341430664,-117.8449478149414,0
Andrew's lawyer would care for three happy sons and patients would care for fewer.,Andrew's lawyer would care for three sons and patients would care for fewer happy.,syntax,ellipsis,ellipsis_n_bar_1,True,False,False,False,597,-98.60740661621094,-93.98670959472656,0
Harvard University stuns five uncertain customers and a lot of nieces of Lisa stuns four.,Harvard University stuns five customers and a lot of nieces of Lisa stuns four uncertain.,syntax,ellipsis,ellipsis_n_bar_1,True,False,False,False,598,-164.16732788085938,-162.28749084472656,0
Becca's grandson couldn't scan one bad story about and that mother of Bruce couldn't scan many.,Becca's grandson couldn't scan one story about and that mother of Bruce couldn't scan many bad.,syntax,ellipsis,ellipsis_n_bar_1,True,False,False,False,599,-144.10702514648438,-145.01040649414062,1
Art has distracted one uncertain podiatrist and many hills had distracted two.,Art has distracted one podiatrist and many hills had distracted two uncertain.,syntax,ellipsis,ellipsis_n_bar_1,True,False,False,False,600,-130.00146484375,-127.71235656738281,0
Those students will attack one hidden associate and a child will attack many.,Those students will attack one associate and a child will attack many hidden.,syntax,ellipsis,ellipsis_n_bar_1,True,False,False,False,601,-92.83297729492188,-91.93696594238281,0
That hill stuns one excited husband and Paula's nieces stuns many.,That hill stuns one husband and Paula's nieces stuns many excited.,syntax,ellipsis,ellipsis_n_bar_1,True,False,False,False,602,-137.73648071289062,-133.02960205078125,0
That grandson of Alexander hadn't complained about two long essays about and Claire's ex-husband hadn't complained about three.,That grandson of Alexander hadn't complained about two essays about and Claire's ex-husband hadn't complained about three long.,syntax,ellipsis,ellipsis_n_bar_1,True,False,False,False,603,-150.28817749023438,-148.90797424316406,0
A lot of guests notice one popular sketch and Gina's colleagues notice three.,A lot of guests notice one sketch and Gina's colleagues notice three popular.,syntax,ellipsis,ellipsis_n_bar_1,True,False,False,False,604,-117.33564758300781,-117.73414611816406,1
Most people were buying one red restaurant and Raymond wasn't buying few.,Most people were buying one restaurant and Raymond wasn't buying few red.,syntax,ellipsis,ellipsis_n_bar_1,True,False,False,False,605,-84.59652709960938,-83.30982971191406,0
Susan's mentors listen to one hidden teacher and many teenagers listen to a lot.,Susan's mentors listen to one teacher and many teenagers listen to a lot hidden.,syntax,ellipsis,ellipsis_n_bar_1,True,False,False,False,606,-97.57867431640625,-99.82955932617188,1
Some ladies' best friend remembered several purple mountains and this brother of these senators remembered a few.,Some ladies' best friend remembered several mountains and this brother of these senators remembered a few purple.,syntax,ellipsis,ellipsis_n_bar_1,True,False,False,False,607,-143.84622192382812,-142.5189666748047,0
The Impressionists went to one black glacier and a nephew of Melanie went to three.,The Impressionists went to one glacier and a nephew of Melanie went to three black.,syntax,ellipsis,ellipsis_n_bar_1,True,False,False,False,608,-124.02019500732422,-124.45953369140625,1
The Clintons break two dirty plates and teenagers break three.,The Clintons break two plates and teenagers break three dirty.,syntax,ellipsis,ellipsis_n_bar_1,True,False,False,False,609,-86.92405700683594,-87.73125457763672,1
Anne's piano teachers won't go to one dirty hospital and Catherine won't go to some.,Anne's piano teachers won't go to one hospital and Catherine won't go to some dirty.,syntax,ellipsis,ellipsis_n_bar_1,True,False,False,False,610,-104.0748291015625,-99.97148895263672,0
Frank will observe three standing cousins and Maria will observe more.,Frank will observe three cousins and Maria will observe more standing.,syntax,ellipsis,ellipsis_n_bar_1,True,False,False,False,611,-94.77440643310547,-95.2866439819336,1
Kathleen isn't complaining about one scared customer and Chad isn't complaining about five.,Kathleen isn't complaining about one customer and Chad isn't complaining about five scared.,syntax,ellipsis,ellipsis_n_bar_1,True,False,False,False,612,-124.71903991699219,-122.2734375,0
Amy's nephews hire one good mentor and Tanya's doctors hire two.,Amy's nephews hire one mentor and Tanya's doctors hire two good.,syntax,ellipsis,ellipsis_n_bar_1,True,False,False,False,613,-111.69571685791016,-113.59605407714844,1
Paul has three hidden hills and Natalie has almost as many.,Paul has three hills and Natalie has almost as many hidden.,syntax,ellipsis,ellipsis_n_bar_1,True,False,False,False,614,-71.27347564697266,-73.20049285888672,1
Barbara's plumbers brought three small glasses and Amelia's partners brought two.,Barbara's plumbers brought three glasses and Amelia's partners brought two small.,syntax,ellipsis,ellipsis_n_bar_1,True,False,False,False,615,-114.44033813476562,-116.12310791015625,1
Dennis's French teachers sound like three exposed grandmothers of and most guys sound like almost as many.,Dennis's French teachers sound like three grandmothers of and most guys sound like almost as many exposed.,syntax,ellipsis,ellipsis_n_bar_1,True,False,False,False,616,-156.62139892578125,-150.98199462890625,0
Dawn's podiatrist was breaking one big skateboard and Irene's supervisors weren't breaking three.,Dawn's podiatrist was breaking one skateboard and Irene's supervisors weren't breaking three big.,syntax,ellipsis,ellipsis_n_bar_1,True,False,False,False,617,-172.2831268310547,-173.52322387695312,1
Anna climbed down five white hills and Laura climbed down four.,Anna climbed down five hills and Laura climbed down four white.,syntax,ellipsis,ellipsis_n_bar_1,True,False,False,False,618,-81.79417419433594,-85.63770294189453,1
Amanda complained about one good commentary about and Derek complained about few.,Amanda complained about one commentary about and Derek complained about few good.,syntax,ellipsis,ellipsis_n_bar_1,True,False,False,False,619,-99.39408874511719,-100.66934967041016,1
Vanessa could boast about a few fast electricians and Rebecca could boast about a lot.,Vanessa could boast about a few electricians and Rebecca could boast about a lot fast.,syntax,ellipsis,ellipsis_n_bar_1,True,False,False,False,620,-125.81652069091797,-129.16818237304688,1
Tracy disagrees with three lost drivers and Anne disagrees with almost as many.,Tracy disagrees with three drivers and Anne disagrees with almost as many lost.,syntax,ellipsis,ellipsis_n_bar_1,True,False,False,False,621,-121.47846984863281,-118.63993835449219,0
Laurie didn't reveal one unlucky colleague and Julie's daughter didn't reveal a few.,Laurie didn't reveal one colleague and Julie's daughter didn't reveal a few unlucky.,syntax,ellipsis,ellipsis_n_bar_1,True,False,False,False,622,-114.29624938964844,-111.47183990478516,0
Erin's partners haven't noticed three exposed horses and Clyde has noticed more.,Erin's partners haven't noticed three horses and Clyde has noticed more exposed.,syntax,ellipsis,ellipsis_n_bar_1,True,False,False,False,623,-113.88186645507812,-112.08429718017578,0
A grandson of those children sold one blue high school and every daughter of Anna sold some.,A grandson of those children sold one high school and every daughter of Anna sold some blue.,syntax,ellipsis,ellipsis_n_bar_1,True,False,False,False,624,-113.21249389648438,-111.73759460449219,0
Ella passes several smooth mountains and William passes a few.,Ella passes several mountains and William passes a few smooth.,syntax,ellipsis,ellipsis_n_bar_1,True,False,False,False,625,-87.92549133300781,-87.49360656738281,0
Many men listen to one unlucky grandson of and a lot of pedestrians listen to five.,Many men listen to one grandson of and a lot of pedestrians listen to five unlucky.,syntax,ellipsis,ellipsis_n_bar_1,True,False,False,False,626,-103.89363098144531,-101.75230407714844,0
These senators mess up one clean grocery store and Diana's students mess up three.,These senators mess up one grocery store and Diana's students mess up three clean.,syntax,ellipsis,ellipsis_n_bar_1,True,False,False,False,627,-114.93475341796875,-113.39009094238281,0
Martha had irritated four fast brothers of and many nephews of David had irritated five.,Martha had irritated four brothers of and many nephews of David had irritated five fast.,syntax,ellipsis,ellipsis_n_bar_1,True,False,False,False,628,-135.4789276123047,-134.75064086914062,0
Mary hadn't looked like no yellow drawings of and Angela hadn't looked like some.,Mary hadn't looked like no drawings of and Angela hadn't looked like some yellow.,syntax,ellipsis,ellipsis_n_bar_1,True,False,False,False,629,-105.82425689697266,-105.93658447265625,1
Elizabeth's grandson shouldn't clean one red dog and Scott's grandfather shouldn't clean a lot.,Elizabeth's grandson shouldn't clean one dog and Scott's grandfather shouldn't clean a lot red.,syntax,ellipsis,ellipsis_n_bar_1,True,False,False,False,630,-113.5342025756836,-119.38455200195312,1
Elizabeth descended one big ladder and Joel descended more.,Elizabeth descended one ladder and Joel descended more big.,syntax,ellipsis,ellipsis_n_bar_1,True,False,False,False,631,-79.89688110351562,-81.11091613769531,1
Craig's guests should sell a lot of popular slopes and Suzanne should sell a few.,Craig's guests should sell a lot of slopes and Suzanne should sell a few popular.,syntax,ellipsis,ellipsis_n_bar_1,True,False,False,False,632,-97.54192352294922,-99.5316162109375,1
Brian wouldn't lift no red books about and Todd's cousin wouldn't lift some.,Brian wouldn't lift no books about and Todd's cousin wouldn't lift some red.,syntax,ellipsis,ellipsis_n_bar_1,True,False,False,False,633,-111.58486938476562,-110.51840209960938,0
A lot of daughters of Amanda boast about several scared sons and a lot of patients boast about a few.,A lot of daughters of Amanda boast about several sons and a lot of patients boast about a few scared.,syntax,ellipsis,ellipsis_n_bar_1,True,False,False,False,634,-150.07272338867188,-143.74749755859375,0
Paula's daughter liked one red carriage and Sandra liked a lot.,Paula's daughter liked one carriage and Sandra liked a lot red.,syntax,ellipsis,ellipsis_n_bar_1,True,False,False,False,635,-85.10406494140625,-89.19905853271484,1
Travis attacks a few serious men and Carolyn attacks a lot.,Travis attacks a few men and Carolyn attacks a lot serious.,syntax,ellipsis,ellipsis_n_bar_1,True,False,False,False,636,-91.10269927978516,-93.55281066894531,1
All teachers research one uncertain doctor and Cheryl's colleagues research several.,All teachers research one doctor and Cheryl's colleagues research several uncertain.,syntax,ellipsis,ellipsis_n_bar_1,True,False,False,False,637,-106.09854125976562,-102.30081939697266,0
Deborah's friend isn't visiting a lot of serious classmates and Alan isn't visiting a few.,Deborah's friend isn't visiting a lot of classmates and Alan isn't visiting a few serious.,syntax,ellipsis,ellipsis_n_bar_1,True,False,False,False,638,-123.88584899902344,-122.08829498291016,0
Carolyn's spouse talked to one employed dentist and Cynthia talked to more.,Carolyn's spouse talked to one dentist and Cynthia talked to more employed.,syntax,ellipsis,ellipsis_n_bar_1,True,False,False,False,639,-108.97360229492188,-104.515869140625,0
Bethany upset two white banks and those high schools upset three.,Bethany upset two banks and those high schools upset three white.,syntax,ellipsis,ellipsis_n_bar_1,True,False,False,False,640,-114.30979919433594,-114.13653564453125,0
All sisters of Gina hug three fast brothers of and Larry's contractors hug more.,All sisters of Gina hug three brothers of and Larry's contractors hug more fast.,syntax,ellipsis,ellipsis_n_bar_1,True,False,False,False,641,-133.75631713867188,-132.94281005859375,0
Many women aren't breaking one smooth dish and Brian isn't breaking few.,Many women aren't breaking one dish and Brian isn't breaking few smooth.,syntax,ellipsis,ellipsis_n_bar_1,True,False,False,False,642,-97.99563598632812,-97.26639556884766,0
This senator's grandfather has explored one brown bank and Joseph has explored two.,This senator's grandfather has explored one bank and Joseph has explored two brown.,syntax,ellipsis,ellipsis_n_bar_1,True,False,False,False,643,-111.55369567871094,-108.8741455078125,0
Carolyn talks about one unsure grandson of and Rhonda talks about at least as many.,Carolyn talks about one grandson of and Rhonda talks about at least as many unsure.,syntax,ellipsis,ellipsis_n_bar_1,True,False,False,False,644,-124.2534408569336,-120.23190307617188,0
Paul won't notice few nice sons of and Sally's sister won't notice many.,Paul won't notice few sons of and Sally's sister won't notice many nice.,syntax,ellipsis,ellipsis_n_bar_1,True,False,False,False,645,-103.61167907714844,-102.641357421875,0
Most actors' granddaughters explore four clean college campuses and all cousins of Craig explore five.,Most actors' granddaughters explore four college campuses and all cousins of Craig explore five clean.,syntax,ellipsis,ellipsis_n_bar_1,True,False,False,False,646,-158.94528198242188,-158.40298461914062,0
Most waitresses disagreed with one happy son and Monet's granddaughter disagreed with four.,Most waitresses disagreed with one son and Monet's granddaughter disagreed with four happy.,syntax,ellipsis,ellipsis_n_bar_1,True,False,False,False,647,-131.280517578125,-128.7528533935547,0
Regina examined two black newspaper articles and Russell's nieces examined three.,Regina examined two newspaper articles and Russell's nieces examined three black.,syntax,ellipsis,ellipsis_n_bar_1,True,False,False,False,648,-125.13823699951172,-124.52197265625,0
Most grandfathers of Lori exit a few bad schools and the sons of Gina exit several.,Most grandfathers of Lori exit a few schools and the sons of Gina exit several bad.,syntax,ellipsis,ellipsis_n_bar_1,True,False,False,False,649,-134.079345703125,-131.3048553466797,0
A sketch looks like one clever actress and a drawing of Allison looks like few.,A sketch looks like one actress and a drawing of Allison looks like few clever.,syntax,ellipsis,ellipsis_n_bar_1,True,False,False,False,650,-119.20596313476562,-118.00999450683594,0
Those cashiers walk through one blue glacier and the ladies walk through several.,Those cashiers walk through one glacier and the ladies walk through several blue.,syntax,ellipsis,ellipsis_n_bar_1,True,False,False,False,651,-100.76435089111328,-100.27658081054688,0
This doctor didn't break five messy forks and Christina didn't break four.,This doctor didn't break five forks and Christina didn't break four messy.,syntax,ellipsis,ellipsis_n_bar_1,True,False,False,False,652,-97.7618408203125,-98.14964294433594,1
These skateboards have hurt a few employed fathers of and Alice's handyman had hurt several.,These skateboards have hurt a few fathers of and Alice's handyman had hurt several employed.,syntax,ellipsis,ellipsis_n_bar_1,True,False,False,False,653,-139.529541015625,-136.85565185546875,0
All children go to one red school and cashiers go to at least as many.,All children go to one school and cashiers go to at least as many red.,syntax,ellipsis,ellipsis_n_bar_1,True,False,False,False,654,-95.8510971069336,-94.05683898925781,0
Amelia's mentors fire one excited partner and the Clintons' students fire few.,Amelia's mentors fire one partner and the Clintons' students fire few excited.,syntax,ellipsis,ellipsis_n_bar_1,True,False,False,False,655,-139.42916870117188,-135.0181427001953,0
Most children disagree with a few hidden sisters and a lot of commentaries disagree with a lot.,Most children disagree with a few sisters and a lot of commentaries disagree with a lot hidden.,syntax,ellipsis,ellipsis_n_bar_1,True,False,False,False,656,-105.55327606201172,-107.10670471191406,1
Some association was aggravating three clever ladies and some restaurant was aggravating at least as many.,Some association was aggravating three ladies and some restaurant was aggravating at least as many clever.,syntax,ellipsis,ellipsis_n_bar_1,True,False,False,False,657,-123.5523910522461,-122.71261596679688,0
Lawrence isn't revealing one out in the open mirror and Paul isn't revealing a few.,Lawrence isn't revealing one mirror and Paul isn't revealing a few out in the open.,syntax,ellipsis,ellipsis_n_bar_1,True,False,False,False,658,-115.4846420288086,-117.51823425292969,1
Monet sold one big unicycle and Donna sold more.,Monet sold one unicycle and Donna sold more big.,syntax,ellipsis,ellipsis_n_bar_1,True,False,False,False,659,-82.89456176757812,-86.66363525390625,1
Those men skate around four gray closets and Leslie's sons skate around five.,Those men skate around four closets and Leslie's sons skate around five gray.,syntax,ellipsis,ellipsis_n_bar_1,True,False,False,False,660,-120.04185485839844,-122.0609359741211,1
Kristen's girlfriend discusses no serious grandmothers of and Irene discusses some.,Kristen's girlfriend discusses no grandmothers of and Irene discusses some serious.,syntax,ellipsis,ellipsis_n_bar_1,True,False,False,False,661,-123.23930358886719,-121.74838256835938,0
Kimberley's girlfriend sees one small actor and Jennifer's wife sees four.,Kimberley's girlfriend sees one actor and Jennifer's wife sees four small.,syntax,ellipsis,ellipsis_n_bar_1,True,False,False,False,662,-103.27071380615234,-103.46533203125,1
Alicia's grandmothers criticized one small granddaughter and Tammy criticized two.,Alicia's grandmothers criticized one granddaughter and Tammy criticized two small.,syntax,ellipsis,ellipsis_n_bar_1,True,False,False,False,663,-124.18675231933594,-123.49214935302734,0
Carolyn's supervisors scanned two bad commentaries about and Melinda's ex-wives scanned three.,Carolyn's supervisors scanned two commentaries about and Melinda's ex-wives scanned three bad.,syntax,ellipsis,ellipsis_n_bar_1,True,False,False,False,664,-168.81019592285156,-171.65594482421875,1
Adam's electrician had escaped from three delighted children and a student had escaped from almost as many.,Adam's electrician had escaped from three children and a student had escaped from almost as many delighted.,syntax,ellipsis,ellipsis_n_bar_1,True,False,False,False,665,-135.1062774658203,-127.93347930908203,0
Frank's dermatologists broke no green wheelbarrows and Tara's colleague broke some.,Frank's dermatologists broke no wheelbarrows and Tara's colleague broke some green.,syntax,ellipsis,ellipsis_n_bar_1,True,False,False,False,666,-145.53334045410156,-144.68017578125,0
The doctor's grandfathers should hate one good essay about and Emily should hate some.,The doctor's grandfathers should hate one essay about and Emily should hate some good.,syntax,ellipsis,ellipsis_n_bar_1,True,False,False,False,667,-119.1392822265625,-119.12348937988281,0
Pamela flees from three lost best friends and Amelia flees from two.,Pamela flees from three best friends and Amelia flees from two lost.,syntax,ellipsis,ellipsis_n_bar_1,True,False,False,False,668,-129.98817443847656,-130.8746337890625,1
Many women were researching three orange books and Melanie's cousins were researching two.,Many women were researching three books and Melanie's cousins were researching two orange.,syntax,ellipsis,ellipsis_n_bar_1,True,False,False,False,669,-98.52728271484375,-97.19963073730469,0
That popsicle looked like one out in the open picture and Connie looked like five.,That popsicle looked like one picture and Connie looked like five out in the open.,syntax,ellipsis,ellipsis_n_bar_1,True,False,False,False,670,-110.23593139648438,-111.71833038330078,1
Laura's electricians had boycotted three red high schools and Tamara had boycotted fewer.,Laura's electricians had boycotted three high schools and Tamara had boycotted fewer red.,syntax,ellipsis,ellipsis_n_bar_1,True,False,False,False,671,-169.31072998046875,-170.4055633544922,1
Richard isn't firing three unlucky patients and Marie isn't firing two.,Richard isn't firing three patients and Marie isn't firing two unlucky.,syntax,ellipsis,ellipsis_n_bar_1,True,False,False,False,672,-97.41290283203125,-94.66365051269531,0
Stacy sold three red paintings of and a dancer sold almost as many.,Stacy sold three paintings of and a dancer sold almost as many red.,syntax,ellipsis,ellipsis_n_bar_1,True,False,False,False,673,-111.17570495605469,-109.35736083984375,0
Kirsten had one gray lamp and Katherine had more.,Kirsten had one lamp and Katherine had more gray.,syntax,ellipsis,ellipsis_n_bar_1,True,False,False,False,674,-82.03410339355469,-83.89160919189453,1
Some cousins of Richard conceal one big dish and Carrie's grandmothers conceal many.,Some cousins of Richard conceal one dish and Carrie's grandmothers conceal many big.,syntax,ellipsis,ellipsis_n_bar_1,True,False,False,False,675,-121.75447082519531,-124.1075439453125,1
Regina finds few small ladders and Paul finds many.,Regina finds few ladders and Paul finds many small.,syntax,ellipsis,ellipsis_n_bar_1,True,False,False,False,676,-90.45893859863281,-91.39410400390625,1
Some library shouldn't distract four nice friends and a guy shouldn't distract five.,Some library shouldn't distract four friends and a guy shouldn't distract five nice.,syntax,ellipsis,ellipsis_n_bar_1,True,False,False,False,677,-111.43556213378906,-112.59835815429688,1
Gerald's bosses shouldn't walk through one rough hill and that friend of Rachel shouldn't walk through a lot.,Gerald's bosses shouldn't walk through one hill and that friend of Rachel shouldn't walk through a lot rough.,syntax,ellipsis,ellipsis_n_bar_1,True,False,False,False,678,-144.05807495117188,-146.35369873046875,1
All actors weren't alarming a few unconvinced guys and all waitresses weren't alarming several.,All actors weren't alarming a few guys and all waitresses weren't alarming several unconvinced.,syntax,ellipsis,ellipsis_n_bar_1,True,False,False,False,679,-162.55795288085938,-158.6947021484375,0
Raymond questions one excited ex-girlfriend and some actress questions four.,Raymond questions one ex-girlfriend and some actress questions four excited.,syntax,ellipsis,ellipsis_n_bar_1,True,False,False,False,680,-114.65536499023438,-111.58770751953125,0
Donna watched one scared best friend and Barbara watched a few.,Donna watched one best friend and Barbara watched a few scared.,syntax,ellipsis,ellipsis_n_bar_1,True,False,False,False,681,-92.82158660888672,-88.112060546875,0
Jane skates around three hidden public parks and Brian skates around at least as many.,Jane skates around three public parks and Brian skates around at least as many hidden.,syntax,ellipsis,ellipsis_n_bar_1,True,False,False,False,682,-122.70774841308594,-120.99334716796875,0
Carl has descended a lot of purple stairs and most grandmothers of Thomas hadn't descended a few.,Carl has descended a lot of stairs and most grandmothers of Thomas hadn't descended a few purple.,syntax,ellipsis,ellipsis_n_bar_1,True,False,False,False,683,-126.30084228515625,-126.12521362304688,0
Every senator's supervisors love few exposed sisters of and these grandmothers of Cynthia love many.,Every senator's supervisors love few sisters of and these grandmothers of Cynthia love many exposed.,syntax,ellipsis,ellipsis_n_bar_1,True,False,False,False,684,-156.5286865234375,-150.79527282714844,0
Jodi might criticize one confident plumber and David might criticize few.,Jodi might criticize one plumber and David might criticize few confident.,syntax,ellipsis,ellipsis_n_bar_1,True,False,False,False,685,-124.50871276855469,-120.73336791992188,0
Many women aren't selling three big peppers and some guests aren't selling fewer.,Many women aren't selling three peppers and some guests aren't selling fewer big.,syntax,ellipsis,ellipsis_n_bar_1,True,False,False,False,686,-92.59774780273438,-97.68820190429688,1
Martha hasn't driven to four gray grocery stores and Catherine's daughters have driven to five.,Martha hasn't driven to four grocery stores and Catherine's daughters have driven to five gray.,syntax,ellipsis,ellipsis_n_bar_1,True,False,False,False,687,-125.06878662109375,-124.66580963134766,0
The niece of Pamela approached one popular child and Anna approached more.,The niece of Pamela approached one child and Anna approached more popular.,syntax,ellipsis,ellipsis_n_bar_1,True,False,False,False,688,-95.31832885742188,-92.26158905029297,0
Jane buys one bad closet and Tracy's teacher buys two.,Jane buys one closet and Tracy's teacher buys two bad.,syntax,ellipsis,ellipsis_n_bar_1,True,False,False,False,689,-88.5677719116211,-90.49114227294922,1
Connie passes three yellow lakes and Winston Churchill passes more.,Connie passes three lakes and Winston Churchill passes more yellow.,syntax,ellipsis,ellipsis_n_bar_1,True,False,False,False,690,-95.23452758789062,-97.94964599609375,1
Omar arrives at many concealed high schools and some senator arrives at few.,Omar arrives at many high schools and some senator arrives at few concealed.,syntax,ellipsis,ellipsis_n_bar_1,True,False,False,False,691,-110.8868408203125,-107.45556640625,0
Roger's nephews impress one troubled supervisor and the doctors impress several.,Roger's nephews impress one supervisor and the doctors impress several troubled.,syntax,ellipsis,ellipsis_n_bar_1,True,False,False,False,692,-100.8162841796875,-96.350341796875,0
Anna has concealed a few ill fish and Stacy has concealed several.,Anna has concealed a few fish and Stacy has concealed several ill.,syntax,ellipsis,ellipsis_n_bar_1,True,False,False,False,693,-95.63091278076172,-92.53388977050781,0
Patricia hasn't helped three smart colleagues and Craig hasn't helped two.,Patricia hasn't helped three colleagues and Craig hasn't helped two smart.,syntax,ellipsis,ellipsis_n_bar_1,True,False,False,False,694,-104.53971099853516,-103.58553314208984,0
Those drivers approach one employed child and Alicia's French teachers approach four.,Those drivers approach one child and Alicia's French teachers approach four employed.,syntax,ellipsis,ellipsis_n_bar_1,True,False,False,False,695,-108.55713653564453,-106.44169616699219,0
Most companies don't criticize a lot of important movies and Amelia did criticize a few.,Most companies don't criticize a lot of movies and Amelia did criticize a few important.,syntax,ellipsis,ellipsis_n_bar_1,True,False,False,False,696,-91.72357177734375,-91.42860412597656,0
That nephew of Pamela thought about one red carriage and Robert thought about many.,That nephew of Pamela thought about one carriage and Robert thought about many red.,syntax,ellipsis,ellipsis_n_bar_1,True,False,False,False,697,-106.22914123535156,-104.141357421875,0
The brother of Gregory isn't skated around three green libraries and Margaret isn't skated around more.,The brother of Gregory isn't skated around three libraries and Margaret isn't skated around more green.,syntax,ellipsis,ellipsis_n_bar_1,True,False,False,False,698,-141.11236572265625,-143.34515380859375,1
Tanya would watch one confident daughter and Omar would watch several.,Tanya would watch one daughter and Omar would watch several confident.,syntax,ellipsis,ellipsis_n_bar_1,True,False,False,False,699,-100.04063415527344,-95.27095794677734,0
Brenda doesn't run around one popular high school and Rebecca's daughter doesn't run around few.,Brenda doesn't run around one high school and Rebecca's daughter doesn't run around few popular.,syntax,ellipsis,ellipsis_n_bar_1,True,False,False,False,700,-111.39439392089844,-108.88633728027344,0
Jessica's boyfriend drives to a few rough movie theaters and Heidi drives to a lot.,Jessica's boyfriend drives to a few movie theaters and Heidi drives to a lot rough.,syntax,ellipsis,ellipsis_n_bar_1,True,False,False,False,701,-100.58663940429688,-105.11187744140625,1
Stacey isn't cleaning many black socks and Anna isn't cleaning few.,Stacey isn't cleaning many socks and Anna isn't cleaning few black.,syntax,ellipsis,ellipsis_n_bar_1,True,False,False,False,702,-113.83462524414062,-115.69503784179688,1
Steve sells a few out in the open tomatoes and some doctor's nephew sells several.,Steve sells a few tomatoes and some doctor's nephew sells several out in the open.,syntax,ellipsis,ellipsis_n_bar_1,True,False,False,False,703,-101.26837921142578,-98.42575073242188,0
Donald can argue about one hopeful lady and these fathers of Gregory can argue about a few.,Donald can argue about one lady and these fathers of Gregory can argue about a few hopeful.,syntax,ellipsis,ellipsis_n_bar_1,True,False,False,False,704,-110.5881576538086,-106.1612548828125,0
Commentaries about literature impress one big museum and hills impress a lot.,Commentaries about literature impress one museum and hills impress a lot big.,syntax,ellipsis,ellipsis_n_bar_1,True,False,False,False,705,-101.71170043945312,-108.01788330078125,1
Ellen criticizes four unlucky mothers and Marla criticizes five.,Ellen criticizes four mothers and Marla criticizes five unlucky.,syntax,ellipsis,ellipsis_n_bar_1,True,False,False,False,706,-121.12747192382812,-120.16551208496094,0
Some grocery stores aren't stunning one popular customer and those restaurants aren't stunning several.,Some grocery stores aren't stunning one customer and those restaurants aren't stunning several popular.,syntax,ellipsis,ellipsis_n_bar_1,True,False,False,False,707,-116.55323791503906,-112.9091796875,0
Christopher conceals three upset people and Sara conceals fewer.,Christopher conceals three people and Sara conceals fewer upset.,syntax,ellipsis,ellipsis_n_bar_1,True,False,False,False,708,-99.73463439941406,-98.14083862304688,0
Most waitresses had visited one troubled wife and Karla's daughters had visited at least as many.,Most waitresses had visited one wife and Karla's daughters had visited at least as many troubled.,syntax,ellipsis,ellipsis_n_bar_1,True,False,False,False,709,-145.83468627929688,-139.93467712402344,0
Steve scanned one long essay about and Sonia scanned four.,Steve scanned one essay about and Sonia scanned four long.,syntax,ellipsis,ellipsis_n_bar_1,True,False,False,False,710,-100.64643859863281,-97.30860900878906,0
Many patients were passing four important public parks and Derek's friends were passing five.,Many patients were passing four public parks and Derek's friends were passing five important.,syntax,ellipsis,ellipsis_n_bar_1,True,False,False,False,711,-103.1158218383789,-103.1211166381836,1
Anne's brother is disturbing one excited girl and Michael is disturbing three.,Anne's brother is disturbing one girl and Michael is disturbing three excited.,syntax,ellipsis,ellipsis_n_bar_1,True,False,False,False,712,-90.934326171875,-88.19439697265625,0
Some banks criticize one clever ex-girlfriend and Julia's granddaughters criticize three.,Some banks criticize one ex-girlfriend and Julia's granddaughters criticize three clever.,syntax,ellipsis,ellipsis_n_bar_1,True,False,False,False,713,-139.1606903076172,-137.6046600341797,0
Ella's students ascended a few purple ladders and some ladies ascended a lot.,Ella's students ascended a few ladders and some ladies ascended a lot purple.,syntax,ellipsis,ellipsis_n_bar_1,True,False,False,False,714,-120.021728515625,-123.8206558227539,1
Libraries reference five confident men and Raymond's colleagues reference four.,Libraries reference five men and Raymond's colleagues reference four confident.,syntax,ellipsis,ellipsis_n_bar_1,True,False,False,False,715,-113.82113647460938,-111.76947021484375,0
Every niece of every actress bikes to several red rivers and a grandmother of boys bikes to a few.,Every niece of every actress bikes to several rivers and a grandmother of boys bikes to a few red.,syntax,ellipsis,ellipsis_n_bar_1,True,False,False,False,716,-147.06703186035156,-147.4227294921875,1
Amelia can conceal one orange car and Samantha can conceal five.,Amelia can conceal one car and Samantha can conceal five orange.,syntax,ellipsis,ellipsis_n_bar_1,True,False,False,False,717,-102.17015075683594,-101.25772094726562,0
Judy is observing five out in the open nephews of and Barbara's friends aren't observing four.,Judy is observing five nephews of and Barbara's friends aren't observing four out in the open.,syntax,ellipsis,ellipsis_n_bar_1,True,False,False,False,718,-143.4832763671875,-143.59825134277344,1
Jill's hairdresser wasn't biking to many orange hospitals and Suzanne wasn't biking to few.,Jill's hairdresser wasn't biking to many hospitals and Suzanne wasn't biking to few orange.,syntax,ellipsis,ellipsis_n_bar_1,True,False,False,False,719,-169.66265869140625,-167.06460571289062,0
The Clintons' boss admires three red closets and David's plumber admires fewer.,The Clintons' boss admires three closets and David's plumber admires fewer red.,syntax,ellipsis,ellipsis_n_bar_1,True,False,False,False,720,-162.8387908935547,-165.2755584716797,1
A photograph couldn't irritate one upset waiter and Melinda couldn't irritate four.,A photograph couldn't irritate one waiter and Melinda couldn't irritate four upset.,syntax,ellipsis,ellipsis_n_bar_1,True,False,False,False,721,-145.5640869140625,-143.52102661132812,0
Wayne respected one busy father of and Sonia respected two.,Wayne respected one father of and Sonia respected two busy.,syntax,ellipsis,ellipsis_n_bar_1,True,False,False,False,722,-99.45692443847656,-96.77333068847656,0
Some committees appreciate one old hill and these companies appreciate five.,Some committees appreciate one hill and these companies appreciate five old.,syntax,ellipsis,ellipsis_n_bar_1,True,False,False,False,723,-83.06637573242188,-81.94053649902344,0
Sandra forgot five bad shows about and Suzanne forgot four.,Sandra forgot five shows about and Suzanne forgot four bad.,syntax,ellipsis,ellipsis_n_bar_1,True,False,False,False,724,-99.25361633300781,-102.31626892089844,1
Beth's plumbers lift one exposed public park and Andrea's mentees lift several.,Beth's plumbers lift one public park and Andrea's mentees lift several exposed.,syntax,ellipsis,ellipsis_n_bar_1,True,False,False,False,725,-172.05882263183594,-167.93911743164062,0
Jill hides one orange chair and Tammy hides more.,Jill hides one chair and Tammy hides more orange.,syntax,ellipsis,ellipsis_n_bar_1,True,False,False,False,726,-98.36842346191406,-99.48406982421875,1
Every father of Kevin has kissed one nice actor and Paul has kissed few.,Every father of Kevin has kissed one actor and Paul has kissed few nice.,syntax,ellipsis,ellipsis_n_bar_1,True,False,False,False,727,-106.77214050292969,-105.1233901977539,0
This man might discover a few popular eggplants and Carolyn might discover a lot.,This man might discover a few eggplants and Carolyn might discover a lot popular.,syntax,ellipsis,ellipsis_n_bar_1,True,False,False,False,728,-112.58907318115234,-115.15717315673828,1
Ronald is firing five busy doctors and Douglas's mentor is firing four.,Ronald is firing five doctors and Douglas's mentor is firing four busy.,syntax,ellipsis,ellipsis_n_bar_1,True,False,False,False,729,-107.83207702636719,-107.3985366821289,0
Kenneth's classmates hadn't exited one concealed closet and Tammy hadn't exited few.,Kenneth's classmates hadn't exited one closet and Tammy hadn't exited few concealed.,syntax,ellipsis,ellipsis_n_bar_1,True,False,False,False,730,-149.1470947265625,-146.65757751464844,0
Most people had disgusted one out in the open girl and some ladies had disgusted few.,Most people had disgusted one girl and some ladies had disgusted few out in the open.,syntax,ellipsis,ellipsis_n_bar_1,True,False,False,False,731,-110.21640014648438,-109.62661743164062,0
Randolf couldn't run around several gray malls and Janice couldn't run around a few.,Randolf couldn't run around several malls and Janice couldn't run around a few gray.,syntax,ellipsis,ellipsis_n_bar_1,True,False,False,False,732,-121.15435028076172,-122.01690673828125,1
All men's best friends weren't arguing about one employed contractor and Irene was arguing about three.,All men's best friends weren't arguing about one contractor and Irene was arguing about three employed.,syntax,ellipsis,ellipsis_n_bar_1,True,False,False,False,733,-122.9284439086914,-121.47525024414062,0
Aaron fixes three green unicycles and Janet fixes two.,Aaron fixes three unicycles and Janet fixes two green.,syntax,ellipsis,ellipsis_n_bar_1,True,False,False,False,734,-111.9617919921875,-110.68012237548828,0
Tamara listens to three long mothers of and Janice listens to at least as many.,Tamara listens to three mothers of and Janice listens to at least as many long.,syntax,ellipsis,ellipsis_n_bar_1,True,False,False,False,735,-122.07098388671875,-120.90702056884766,0
Cheryl's podiatrist was talking about three nice grandfathers of and Eric was talking about at least as many.,Cheryl's podiatrist was talking about three grandfathers of and Eric was talking about at least as many nice.,syntax,ellipsis,ellipsis_n_bar_1,True,False,False,False,736,-168.93453979492188,-165.0187530517578,0
David's boyfriend wasn't touring three out in the open banks and Randolf wasn't touring fewer.,David's boyfriend wasn't touring three banks and Randolf wasn't touring fewer out in the open.,syntax,ellipsis,ellipsis_n_bar_1,True,False,False,False,737,-138.74505615234375,-137.8258056640625,0
Sara hasn't noticed one happy father of and Tracy hasn't noticed a lot.,Sara hasn't noticed one father of and Tracy hasn't noticed a lot happy.,syntax,ellipsis,ellipsis_n_bar_1,True,False,False,False,738,-109.31710052490234,-109.4544677734375,1
Amy observed many busy plumbers and Claire's podiatrist observed few.,Amy observed many plumbers and Claire's podiatrist observed few busy.,syntax,ellipsis,ellipsis_n_bar_1,True,False,False,False,739,-133.42221069335938,-130.11190795898438,0
The mothers of Joseph are biking to one red restaurant and Melissa isn't biking to four.,The mothers of Joseph are biking to one restaurant and Melissa isn't biking to four red.,syntax,ellipsis,ellipsis_n_bar_1,True,False,False,False,740,-132.3726806640625,-132.037353515625,0
A lot of doctors hadn't found several upset children and Frank hadn't found a few.,A lot of doctors hadn't found several children and Frank hadn't found a few upset.,syntax,ellipsis,ellipsis_n_bar_1,True,False,False,False,741,-109.19717407226562,-102.33407592773438,0
The association shocks a few popular committees and Russell's daughters shocks several.,The association shocks a few committees and Russell's daughters shocks several popular.,syntax,ellipsis,ellipsis_n_bar_1,True,False,False,False,742,-109.08319854736328,-106.99717712402344,0
Sandra boasts about three black books and Jason boasts about two.,Sandra boasts about three books and Jason boasts about two black.,syntax,ellipsis,ellipsis_n_bar_1,True,False,False,False,743,-97.9215087890625,-98.10882568359375,1
These guests don't pass many good mountains and Catherine wouldn't pass few.,These guests don't pass many mountains and Catherine wouldn't pass few good.,syntax,ellipsis,ellipsis_n_bar_1,True,False,False,False,744,-92.17698669433594,-92.42200469970703,1
Regina complains about one exposed dentist and Cindy's grandson complains about some.,Regina complains about one dentist and Cindy's grandson complains about some exposed.,syntax,ellipsis,ellipsis_n_bar_1,True,False,False,False,745,-115.74658966064453,-110.8899917602539,0
Donna argued about four unlucky ex-wives and Jeffrey's tutors argued about five.,Donna argued about four ex-wives and Jeffrey's tutors argued about five unlucky.,syntax,ellipsis,ellipsis_n_bar_1,True,False,False,False,746,-135.43191528320312,-133.72027587890625,0
The museums forget one standing contractor and Ruth's sons forget at least as many.,The museums forget one contractor and Ruth's sons forget at least as many standing.,syntax,ellipsis,ellipsis_n_bar_1,True,False,False,False,747,-115.12672424316406,-113.62287902832031,0
Nancy argued about four young piano teachers and Kristin argued about five.,Nancy argued about four piano teachers and Kristin argued about five young.,syntax,ellipsis,ellipsis_n_bar_1,True,False,False,False,748,-108.48324584960938,-111.25130462646484,1
Those patients hug one determined guest and Travis's podiatrists hug several.,Those patients hug one guest and Travis's podiatrists hug several determined.,syntax,ellipsis,ellipsis_n_bar_1,True,False,False,False,749,-144.60293579101562,-141.4907989501953,0
Martha examined four long plays and Bradley's hairdresser examined five.,Martha examined four plays and Bradley's hairdresser examined five long.,syntax,ellipsis,ellipsis_n_bar_1,True,False,False,False,750,-120.29679107666016,-119.44845581054688,0
Richard's associate has one red glove and that university has four.,Richard's associate has one glove and that university has four red.,syntax,ellipsis,ellipsis_n_bar_1,True,False,False,False,751,-81.66928100585938,-82.05712890625,1
Tamara's son boycotted one good committee and Benjamin boycotted five.,Tamara's son boycotted one committee and Benjamin boycotted five good.,syntax,ellipsis,ellipsis_n_bar_1,True,False,False,False,752,-127.30355834960938,-128.24862670898438,1
Boys see three lucky plumbers and Vanessa's tutors see almost as many.,Boys see three plumbers and Vanessa's tutors see almost as many lucky.,syntax,ellipsis,ellipsis_n_bar_1,True,False,False,False,753,-129.8100128173828,-129.083984375,0
John's partners liked one bad best friend and this company liked two.,John's partners liked one best friend and this company liked two bad.,syntax,ellipsis,ellipsis_n_bar_1,True,False,False,False,754,-87.96295166015625,-89.9514389038086,1
Alice distracted three long best friends and a coat distracted more.,Alice distracted three best friends and a coat distracted more long.,syntax,ellipsis,ellipsis_n_bar_1,True,False,False,False,755,-92.46888732910156,-92.09652709960938,0
Nina hadn't cared for few good grandmothers and Rodney hadn't cared for many.,Nina hadn't cared for few grandmothers and Rodney hadn't cared for many good.,syntax,ellipsis,ellipsis_n_bar_1,True,False,False,False,756,-120.49635314941406,-119.64826965332031,0
Those waitresses skate around one brown river and the Lutherans skate around a lot.,Those waitresses skate around one river and the Lutherans skate around a lot brown.,syntax,ellipsis,ellipsis_n_bar_1,True,False,False,False,757,-124.46556854248047,-129.1981964111328,1
The Clintons approach one confident grandson of and all teenagers' daughters approach many.,The Clintons approach one grandson of and all teenagers' daughters approach many confident.,syntax,ellipsis,ellipsis_n_bar_1,True,False,False,False,758,-129.14076232910156,-123.4068603515625,0
Some pedestrians complained about one fast brother and Katherine's partners complained about more.,Some pedestrians complained about one brother and Katherine's partners complained about more fast.,syntax,ellipsis,ellipsis_n_bar_1,True,False,False,False,759,-102.90107727050781,-100.9949951171875,0
Rachelle didn't examine several ill grandfathers of and every teacher didn't examine a few.,Rachelle didn't examine several grandfathers of and every teacher didn't examine a few ill.,syntax,ellipsis,ellipsis_n_bar_1,True,False,False,False,760,-127.66434478759766,-125.44197845458984,0
Jessica isn't helping one unsure boss and Karla's classmates are helping a few.,Jessica isn't helping one boss and Karla's classmates are helping a few unsure.,syntax,ellipsis,ellipsis_n_bar_1,True,False,False,False,761,-112.6949462890625,-109.4590072631836,0
Kristin's grandfathers heal one hidden waiter and every patient's plumbers heal at least as many.,Kristin's grandfathers heal one waiter and every patient's plumbers heal at least as many hidden.,syntax,ellipsis,ellipsis_n_bar_1,True,False,False,False,762,-148.02792358398438,-147.61163330078125,0
Sherry isn't escaping from one delighted lawyer and Scott isn't escaping from four.,Sherry isn't escaping from one lawyer and Scott isn't escaping from four delighted.,syntax,ellipsis,ellipsis_n_bar_1,True,False,False,False,763,-126.53278350830078,-122.1202392578125,0
Elizabeth's son won't stun one ill sister and a lot of dancers' daughter won't stun two.,Elizabeth's son won't stun one sister and a lot of dancers' daughter won't stun two ill.,syntax,ellipsis,ellipsis_n_bar_1,True,False,False,False,764,-140.8119354248047,-136.97348022460938,0
All carts impress one hidden son and the Impressionists impress a lot.,All carts impress one son and the Impressionists impress a lot hidden.,syntax,ellipsis,ellipsis_n_bar_1,True,False,False,False,765,-113.29877471923828,-113.99181365966797,1
Ann's bosses boycott one clean grocery store and this boy's guests boycott several.,Ann's bosses boycott one grocery store and this boy's guests boycott several clean.,syntax,ellipsis,ellipsis_n_bar_1,True,False,False,False,766,-141.73020935058594,-138.88125610351562,0
Irene can reference one fast employee and most waitresses can reference three.,Irene can reference one employee and most waitresses can reference three fast.,syntax,ellipsis,ellipsis_n_bar_1,True,False,False,False,767,-124.32933044433594,-122.00787353515625,0
Kevin can return to a few employed sisters and Anne's ex-girlfriend can return to several.,Kevin can return to a few sisters and Anne's ex-girlfriend can return to several employed.,syntax,ellipsis,ellipsis_n_bar_1,True,False,False,False,768,-118.91001892089844,-111.96542358398438,0
Douglas hadn't admired one red gate and Karla's best friends hadn't admired a few.,Douglas hadn't admired one gate and Karla's best friends hadn't admired a few red.,syntax,ellipsis,ellipsis_n_bar_1,True,False,False,False,769,-140.92185974121094,-140.03359985351562,0
Jessica wasn't breaking one white glass and Samantha wasn't breaking two.,Jessica wasn't breaking one glass and Samantha wasn't breaking two white.,syntax,ellipsis,ellipsis_n_bar_1,True,False,False,False,770,-88.8610610961914,-90.60920715332031,1
Theodore won't complain about one bad patient and Allison's dermatologists won't complain about a few.,Theodore won't complain about one patient and Allison's dermatologists won't complain about a few bad.,syntax,ellipsis,ellipsis_n_bar_1,True,False,False,False,771,-139.89468383789062,-139.6800537109375,0
Amanda isn't biking to one brown public park and John's dentists aren't biking to a few.,Amanda isn't biking to one public park and John's dentists aren't biking to a few brown.,syntax,ellipsis,ellipsis_n_bar_1,True,False,False,False,772,-154.23825073242188,-150.328369140625,0
Those birds climb down one out in the open mountain and Carol's handymen climb down three.,Those birds climb down one mountain and Carol's handymen climb down three out in the open.,syntax,ellipsis,ellipsis_n_bar_1,True,False,False,False,773,-120.47967529296875,-123.89559173583984,1
The Impressionists talk to several small boys and Adam's ex-boyfriends talk to a few.,The Impressionists talk to several boys and Adam's ex-boyfriends talk to a few small.,syntax,ellipsis,ellipsis_n_bar_1,True,False,False,False,774,-139.3522491455078,-139.78305053710938,1
Brett can't praise one clever mentor and Becky's mentors can't praise few.,Brett can't praise one mentor and Becky's mentors can't praise few clever.,syntax,ellipsis,ellipsis_n_bar_1,True,False,False,False,775,-145.7568359375,-143.68231201171875,0
The Clintons didn't run around three red high schools and a lot of guys' sister didn't run around almost as many.,The Clintons didn't run around three high schools and a lot of guys' sister didn't run around almost as many red.,syntax,ellipsis,ellipsis_n_bar_1,True,False,False,False,776,-148.257568359375,-146.7357635498047,0
Christine hadn't forgotten four young mothers of and Elizabeth hadn't forgotten five.,Christine hadn't forgotten four mothers of and Elizabeth hadn't forgotten five young.,syntax,ellipsis,ellipsis_n_bar_1,True,False,False,False,777,-106.51395416259766,-109.70846557617188,1
Cheryl didn't reveal five small people and Paula didn't reveal four.,Cheryl didn't reveal five people and Paula didn't reveal four small.,syntax,ellipsis,ellipsis_n_bar_1,True,False,False,False,778,-113.29088592529297,-113.46357727050781,1
Every senator's teacher hasn't cured one sick actress and some actors' granddaughters hadn't cured a few.,Every senator's teacher hasn't cured one actress and some actors' granddaughters hadn't cured a few sick.,syntax,ellipsis,ellipsis_n_bar_1,True,False,False,False,779,-164.05792236328125,-164.297119140625,1
Guy isn't touring one old lake and Jill isn't touring several.,Guy isn't touring one lake and Jill isn't touring several old.,syntax,ellipsis,ellipsis_n_bar_1,True,False,False,False,780,-98.75930786132812,-98.51010131835938,0
Many libraries haven't argued about one happy oncologist and Tonya has argued about at least as many.,Many libraries haven't argued about one oncologist and Tonya has argued about at least as many happy.,syntax,ellipsis,ellipsis_n_bar_1,True,False,False,False,781,-150.16439819335938,-148.5572509765625,0
Most customers admire a lot of important closets and a lot of doctors admire a few.,Most customers admire a lot of closets and a lot of doctors admire a few important.,syntax,ellipsis,ellipsis_n_bar_1,True,False,False,False,782,-97.64264678955078,-96.77373504638672,0
Galileo hadn't skated around one green grocery store and Ella's employee hadn't skated around several.,Galileo hadn't skated around one grocery store and Ella's employee hadn't skated around several green.,syntax,ellipsis,ellipsis_n_bar_1,True,False,False,False,783,-163.0675811767578,-159.04049682617188,0
Alice's grandfathers aren't working with one lost electrician and Ann wasn't working with a few.,Alice's grandfathers aren't working with one electrician and Ann wasn't working with a few lost.,syntax,ellipsis,ellipsis_n_bar_1,True,False,False,False,784,-123.99748992919922,-119.5824203491211,0
Karla isn't questioning a few concealed teachers and most dancers aren't questioning several.,Karla isn't questioning a few teachers and most dancers aren't questioning several concealed.,syntax,ellipsis,ellipsis_n_bar_1,True,False,False,False,785,-118.0113525390625,-116.31600952148438,0
Nicole's contractor lifted three good glasses and Janice lifted almost as many.,Nicole's contractor lifted three glasses and Janice lifted almost as many good.,syntax,ellipsis,ellipsis_n_bar_1,True,False,False,False,786,-120.3900146484375,-117.55342102050781,0
Steven skated around three out in the open restaurants and Lawrence skated around more.,Steven skated around three restaurants and Lawrence skated around more out in the open.,syntax,ellipsis,ellipsis_n_bar_1,True,False,False,False,787,-108.1378402709961,-107.17355346679688,0
Candice should complain about one concealed grandfather and Brett should complain about few.,Candice should complain about one grandfather and Brett should complain about few concealed.,syntax,ellipsis,ellipsis_n_bar_1,True,False,False,False,788,-108.54971313476562,-105.53193664550781,0
Claire might escape from three smart mothers and a guy might escape from two.,Claire might escape from three mothers and a guy might escape from two smart.,syntax,ellipsis,ellipsis_n_bar_1,True,False,False,False,789,-108.45986938476562,-109.60748291015625,1
Julia examined two lost ex-boyfriends and Timothy examined three.,Julia examined two ex-boyfriends and Timothy examined three lost.,syntax,ellipsis,ellipsis_n_bar_1,True,False,False,False,790,-113.77778625488281,-111.59764862060547,0
These windows confuse one important company and the sketches confuse three.,These windows confuse one company and the sketches confuse three important.,syntax,ellipsis,ellipsis_n_bar_1,True,False,False,False,791,-88.87220001220703,-88.92031860351562,1
Becky isn't discussing one lost French teacher and Pamela isn't discussing several.,Becky isn't discussing one French teacher and Pamela isn't discussing several lost.,syntax,ellipsis,ellipsis_n_bar_1,True,False,False,False,792,-115.30810546875,-112.26594543457031,0
Tara flees from one exposed wife and Sharon flees from a lot.,Tara flees from one wife and Sharon flees from a lot exposed.,syntax,ellipsis,ellipsis_n_bar_1,True,False,False,False,793,-113.2330322265625,-110.73553466796875,0
Todd breaks many black bikes and Vanessa breaks few.,Todd breaks many bikes and Vanessa breaks few black.,syntax,ellipsis,ellipsis_n_bar_1,True,False,False,False,794,-80.58065795898438,-80.47596740722656,0
That light had bored several serious grandfathers of and Dawn's French teachers had bored a few.,That light had bored several grandfathers of and Dawn's French teachers had bored a few serious.,syntax,ellipsis,ellipsis_n_bar_1,True,False,False,False,795,-139.3827362060547,-139.94947814941406,1
Meredith's doctor wouldn't forget three long senators and Steve's teacher wouldn't forget almost as many.,Meredith's doctor wouldn't forget three senators and Steve's teacher wouldn't forget almost as many long.,syntax,ellipsis,ellipsis_n_bar_1,True,False,False,False,796,-138.12603759765625,-137.533935546875,0
Doctors exit three good college campuses and this teenager's electricians exit more.,Doctors exit three college campuses and this teenager's electricians exit more good.,syntax,ellipsis,ellipsis_n_bar_1,True,False,False,False,797,-116.01470947265625,-114.00347137451172,0
Marla shouldn't talk about one important documentary and Liam shouldn't talk about at least as many.,Marla shouldn't talk about one documentary and Liam shouldn't talk about at least as many important.,syntax,ellipsis,ellipsis_n_bar_1,True,False,False,False,798,-112.12028503417969,-108.37272644042969,0
This woman isn't criticizing few bad documentaries about and that committee isn't criticizing many.,This woman isn't criticizing few documentaries about and that committee isn't criticizing many bad.,syntax,ellipsis,ellipsis_n_bar_1,True,False,False,False,799,-126.67308044433594,-124.9244384765625,0
Stacey's piano teacher will hate a few bad essays and George's boyfriend will hate a lot.,Stacey's piano teacher will hate a few essays and George's boyfriend will hate a lot bad.,syntax,ellipsis,ellipsis_n_bar_1,True,False,False,False,800,-132.52288818359375,-134.95956420898438,1
Wayne's ex-wives do irritate one fast senator and Carmen should irritate some.,Wayne's ex-wives do irritate one senator and Carmen should irritate some fast.,syntax,ellipsis,ellipsis_n_bar_1,True,False,False,False,801,-146.17233276367188,-145.3906707763672,0
Linda's hairdresser won't notice three yellow planes and Tammy won't notice almost as many.,Linda's hairdresser won't notice three planes and Tammy won't notice almost as many yellow.,syntax,ellipsis,ellipsis_n_bar_1,True,False,False,False,802,-139.46022033691406,-139.23309326171875,0
Jodi didn't worry many determined oncologists and those muffins didn't worry few.,Jodi didn't worry many oncologists and those muffins didn't worry few determined.,syntax,ellipsis,ellipsis_n_bar_1,True,False,False,False,803,-139.2992401123047,-140.6230010986328,1
Every teacher scans three lucky lawyers and Patricia scans at least as many.,Every teacher scans three lawyers and Patricia scans at least as many lucky.,syntax,ellipsis,ellipsis_n_bar_1,True,False,False,False,804,-106.939697265625,-108.06017303466797,1
Cynthia boasts about one long show about and Becky boasts about few.,Cynthia boasts about one show about and Becky boasts about few long.,syntax,ellipsis,ellipsis_n_bar_1,True,False,False,False,805,-126.89695739746094,-123.23725891113281,0
Chad sold one clean bank and the nephew of Donna sold few.,Chad sold one bank and the nephew of Donna sold few clean.,syntax,ellipsis,ellipsis_n_bar_1,True,False,False,False,806,-96.3868408203125,-94.93096923828125,0
A lot of waitresses can wear three green shirts and Stephanie's wife can wear almost as many.,A lot of waitresses can wear three shirts and Stephanie's wife can wear almost as many green.,syntax,ellipsis,ellipsis_n_bar_1,True,False,False,False,807,-143.42132568359375,-144.31895446777344,1
This waiter doesn't talk to a few small mothers and these people can talk to several.,This waiter doesn't talk to a few mothers and these people can talk to several small.,syntax,ellipsis,ellipsis_n_bar_1,True,False,False,False,808,-93.18634033203125,-92.48689270019531,0
Peter's oncologist does heal a few displeased grandsons and Eva does heal a lot.,Peter's oncologist does heal a few grandsons and Eva does heal a lot displeased.,syntax,ellipsis,ellipsis_n_bar_1,True,False,False,False,809,-153.7336883544922,-152.44454956054688,0
Museums praise a few good stories about and Raymond's electricians praise several.,Museums praise a few stories about and Raymond's electricians praise several good.,syntax,ellipsis,ellipsis_n_bar_1,True,False,False,False,810,-133.76702880859375,-132.70803833007812,0
Stacy isn't observing many serious mothers and Ronald isn't observing few.,Stacy isn't observing many mothers and Ronald isn't observing few serious.,syntax,ellipsis,ellipsis_n_bar_1,True,False,False,False,811,-119.33724975585938,-116.30890655517578,0
Beth's bosses hadn't revealed one bad man and Noah's French teacher hadn't revealed more.,Beth's bosses hadn't revealed one man and Noah's French teacher hadn't revealed more bad.,syntax,ellipsis,ellipsis_n_bar_1,True,False,False,False,812,-151.28619384765625,-149.63201904296875,0
This window would astound one bad legislature and Carlos would astound some.,This window would astound one legislature and Carlos would astound some bad.,syntax,ellipsis,ellipsis_n_bar_1,True,False,False,False,813,-122.94332885742188,-120.76229095458984,0
The Borgias tour several green movie theaters and those fathers of Karla tour a few.,The Borgias tour several movie theaters and those fathers of Karla tour a few green.,syntax,ellipsis,ellipsis_n_bar_1,True,False,False,False,814,-145.61912536621094,-145.44467163085938,0
That friend of Julie isn't hiding a lot of out in the open mushrooms and Sabrina's best friend isn't hiding a few.,That friend of Julie isn't hiding a lot of mushrooms and Sabrina's best friend isn't hiding a few out in the open.,syntax,ellipsis,ellipsis_n_bar_1,True,False,False,False,815,-164.4477081298828,-160.4745330810547,0
The Impressionists' brothers investigated several hidden dentists and Bethany investigated a few.,The Impressionists' brothers investigated several dentists and Bethany investigated a few hidden.,syntax,ellipsis,ellipsis_n_bar_1,True,False,False,False,816,-145.10073852539062,-146.72988891601562,1
Phillip escapes from few busy granddaughters and Rachel escapes from many.,Phillip escapes from few granddaughters and Rachel escapes from many busy.,syntax,ellipsis,ellipsis_n_bar_1,True,False,False,False,817,-115.84333801269531,-111.83070373535156,0
Rose wasn't admiring one unconvinced patient and all governments weren't admiring many.,Rose wasn't admiring one patient and all governments weren't admiring many unconvinced.,syntax,ellipsis,ellipsis_n_bar_1,True,False,False,False,818,-156.79754638671875,-150.82627868652344,0
Danielle is breaking one red convertible and rabbits weren't breaking a few.,Danielle is breaking one convertible and rabbits weren't breaking a few red.,syntax,ellipsis,ellipsis_n_bar_1,True,False,False,False,819,-99.48332214355469,-101.94290161132812,1
People disturb one important legislature and all glasses disturb a few.,People disturb one legislature and all glasses disturb a few important.,syntax,ellipsis,ellipsis_n_bar_1,True,False,False,False,820,-89.21722412109375,-88.29132080078125,0
Becca hasn't taken one hidden window and Patrick's colleague hasn't taken more.,Becca hasn't taken one window and Patrick's colleague hasn't taken more hidden.,syntax,ellipsis,ellipsis_n_bar_1,True,False,False,False,821,-107.18893432617188,-106.41500091552734,0
Sara's podiatrists disturb four old actors and those plays disturb five.,Sara's podiatrists disturb four actors and those plays disturb five old.,syntax,ellipsis,ellipsis_n_bar_1,True,False,False,False,822,-141.93785095214844,-146.30905151367188,1
Homer has disgusted one important government and Christine has disgusted few.,Homer has disgusted one government and Christine has disgusted few important.,syntax,ellipsis,ellipsis_n_bar_1,True,False,False,False,823,-106.18016815185547,-105.22443389892578,0
The documentary about the Impressionists shocks few sick adults and this hair shocks many.,The documentary about the Impressionists shocks few adults and this hair shocks many sick.,syntax,ellipsis,ellipsis_n_bar_1,True,False,False,False,824,-147.05897521972656,-144.27926635742188,0
This niece of Raymond hasn't praised one big ex-boyfriend and Holly hasn't praised five.,This niece of Raymond hasn't praised one ex-boyfriend and Holly hasn't praised five big.,syntax,ellipsis,ellipsis_n_bar_1,True,False,False,False,825,-149.98895263671875,-151.78787231445312,1
Frank was going to several good art galleries and Sandra was going to a few.,Frank was going to several art galleries and Sandra was going to a few good.,syntax,ellipsis,ellipsis_n_bar_1,True,False,False,False,826,-89.77468872070312,-92.54370880126953,1
A man's senators describe three delighted sons of and the lady's dentists describe fewer.,A man's senators describe three sons of and the lady's dentists describe fewer delighted.,syntax,ellipsis,ellipsis_n_bar_1,True,False,False,False,827,-157.03213500976562,-151.97213745117188,0
The plate upsets one delighted senator and those nephews of most actresses upsets few.,The plate upsets one senator and those nephews of most actresses upsets few delighted.,syntax,ellipsis,ellipsis_n_bar_1,True,False,False,False,828,-149.52911376953125,-145.84432983398438,0
Stacey has brought three exposed newspaper articles about and some patient's dermatologist has brought two.,Stacey has brought three newspaper articles about and some patient's dermatologist has brought two exposed.,syntax,ellipsis,ellipsis_n_bar_1,True,False,False,False,829,-141.32046508789062,-138.1005096435547,0
Tracy complains about one ill ex-husband and Patricia complains about a lot.,Tracy complains about one ex-husband and Patricia complains about a lot ill.,syntax,ellipsis,ellipsis_n_bar_1,True,False,False,False,830,-104.53898620605469,-104.69432067871094,1
Deanna wasn't bothering one big guy and Jill wasn't bothering four.,Deanna wasn't bothering one guy and Jill wasn't bothering four big.,syntax,ellipsis,ellipsis_n_bar_1,True,False,False,False,831,-98.32093811035156,-99.7540512084961,1
Tina shouldn't take three orange mountains and Elizabeth's guests shouldn't take almost as many.,Tina shouldn't take three mountains and Elizabeth's guests shouldn't take almost as many orange.,syntax,ellipsis,ellipsis_n_bar_1,True,False,False,False,832,-125.5517578125,-126.03784942626953,1
Veronica returns to four happy contractors and Sara returns to five.,Veronica returns to four contractors and Sara returns to five happy.,syntax,ellipsis,ellipsis_n_bar_1,True,False,False,False,833,-91.19354248046875,-92.1285400390625,1
Donald's ex-boyfriend was visiting three young actors and Carla was visiting at least as many.,Donald's ex-boyfriend was visiting three actors and Carla was visiting at least as many young.,syntax,ellipsis,ellipsis_n_bar_1,True,False,False,False,834,-123.61040496826172,-126.0177993774414,1
The legislature didn't disgust one unsure nephew and Raymond didn't disgust at least as many.,The legislature didn't disgust one nephew and Raymond didn't disgust at least as many unsure.,syntax,ellipsis,ellipsis_n_bar_1,True,False,False,False,835,-131.7319793701172,-129.34213256835938,0
Lawrence works with five small sisters of and Liam works with four.,Lawrence works with five sisters of and Liam works with four small.,syntax,ellipsis,ellipsis_n_bar_1,True,False,False,False,836,-87.50325012207031,-88.43458557128906,1
The mothers of Julia explore three old malls and these sisters of Frank explore fewer.,The mothers of Julia explore three malls and these sisters of Frank explore fewer old.,syntax,ellipsis,ellipsis_n_bar_1,True,False,False,False,837,-123.8336181640625,-129.4844207763672,1
These nephews of Tonya had astounded one small boss and the cart had astounded more.,These nephews of Tonya had astounded one boss and the cart had astounded more small.,syntax,ellipsis,ellipsis_n_bar_1,True,False,False,False,838,-145.63583374023438,-145.94808959960938,1
Some truck does bother four happy contractors and every cashier does bother five.,Some truck does bother four contractors and every cashier does bother five happy.,syntax,ellipsis,ellipsis_n_bar_1,True,False,False,False,839,-124.3509521484375,-123.27997589111328,0
Scott was complaining about a few long best friends and Karla was complaining about several.,Scott was complaining about a few best friends and Karla was complaining about several long.,syntax,ellipsis,ellipsis_n_bar_1,True,False,False,False,840,-100.33744049072266,-98.19197082519531,0
Scott listens to a few unemployed lawyers and William listens to a lot.,Scott listens to a few lawyers and William listens to a lot unemployed.,syntax,ellipsis,ellipsis_n_bar_1,True,False,False,False,841,-79.31327819824219,-80.62367248535156,1
Cynthia watches one standing senator and Joel watches many.,Cynthia watches one senator and Joel watches many standing.,syntax,ellipsis,ellipsis_n_bar_1,True,False,False,False,842,-108.83443450927734,-106.38591003417969,0
Some pictures of Larry aren't looking like three important hats and every picture of that plate isn't looking like at least as many.,Some pictures of Larry aren't looking like three hats and every picture of that plate isn't looking like at least as many important.,syntax,ellipsis,ellipsis_n_bar_1,True,False,False,False,843,-161.86985778808594,-153.950439453125,0
Most grandmothers of Wayne should question one confident best friend and Kenneth should question few.,Most grandmothers of Wayne should question one best friend and Kenneth should question few confident.,syntax,ellipsis,ellipsis_n_bar_1,True,False,False,False,844,-141.09300231933594,-137.0650634765625,0
Alexander observes a few troubled men and an actor observes a lot.,Alexander observes a few men and an actor observes a lot troubled.,syntax,ellipsis,ellipsis_n_bar_1,True,False,False,False,845,-87.31752014160156,-88.08357238769531,1
David's sisters complained about five exposed girls and Andrea's ex-girlfriends complained about four.,David's sisters complained about five girls and Andrea's ex-girlfriends complained about four exposed.,syntax,ellipsis,ellipsis_n_bar_1,True,False,False,False,846,-125.70684814453125,-123.76585388183594,0
Colleen's hairdressers run around one small cafe and Kimberley's lawyers run around several.,Colleen's hairdressers run around one cafe and Kimberley's lawyers run around several small.,syntax,ellipsis,ellipsis_n_bar_1,True,False,False,False,847,-147.782470703125,-145.55453491210938,0
Denise's teachers pass three exposed hills and most ladies pass fewer.,Denise's teachers pass three hills and most ladies pass fewer exposed.,syntax,ellipsis,ellipsis_n_bar_1,True,False,False,False,848,-104.10025024414062,-104.88374328613281,1
Margaret wasn't arguing about few delighted ex-boyfriends and Robert wasn't arguing about many.,Margaret wasn't arguing about few ex-boyfriends and Robert wasn't arguing about many delighted.,syntax,ellipsis,ellipsis_n_bar_1,True,False,False,False,849,-143.5799560546875,-138.2791748046875,0
Those guys didn't work with one out in the open colleague and Marie didn't work with several.,Those guys didn't work with one colleague and Marie didn't work with several out in the open.,syntax,ellipsis,ellipsis_n_bar_1,True,False,False,False,850,-106.17316436767578,-104.70552062988281,0
Sherry wasn't driving to three yellow hills and this son of Patrick wasn't driving to at least as many.,Sherry wasn't driving to three hills and this son of Patrick wasn't driving to at least as many yellow.,syntax,ellipsis,ellipsis_n_bar_1,True,False,False,False,851,-144.67254638671875,-145.41871643066406,1
Andrew's mother was praising one long documentary about and Walter was praising a lot.,Andrew's mother was praising one documentary about and Walter was praising a lot long.,syntax,ellipsis,ellipsis_n_bar_1,True,False,False,False,852,-107.42051696777344,-109.90666198730469,1
Kathleen exited one bad museum and Heather exited some.,Kathleen exited one museum and Heather exited some bad.,syntax,ellipsis,ellipsis_n_bar_1,True,False,False,False,853,-104.85742950439453,-103.2307357788086,0
Sally cleaned few rough snakes and Victoria cleaned many.,Sally cleaned few snakes and Victoria cleaned many rough.,syntax,ellipsis,ellipsis_n_bar_1,True,False,False,False,854,-99.3491439819336,-98.14839935302734,0
All grandmothers of this child did leave one standing friend and the Impressionists did leave four.,All grandmothers of this child did leave one friend and the Impressionists did leave four standing.,syntax,ellipsis,ellipsis_n_bar_1,True,False,False,False,855,-142.535888671875,-137.30191040039062,0
All glasses resembled one big print and Linda resembled a few.,All glasses resembled one print and Linda resembled a few big.,syntax,ellipsis,ellipsis_n_bar_1,True,False,False,False,856,-87.44703674316406,-90.73521423339844,1
Sharon shouldn't run around four popular malls and Heidi shouldn't run around five.,Sharon shouldn't run around four malls and Heidi shouldn't run around five popular.,syntax,ellipsis,ellipsis_n_bar_1,True,False,False,False,857,-117.3638687133789,-119.06903076171875,1
Pictures of Liam looked like one sick fish and every drawing looked like more.,Pictures of Liam looked like one fish and every drawing looked like more sick.,syntax,ellipsis,ellipsis_n_bar_1,True,False,False,False,858,-102.8565444946289,-104.46137237548828,1
Scott's teachers are leaving one scared grandfather of and David isn't leaving a lot.,Scott's teachers are leaving one grandfather of and David isn't leaving a lot scared.,syntax,ellipsis,ellipsis_n_bar_1,True,False,False,False,859,-96.47528076171875,-98.8285140991211,1
Kimberley's student went to one important grocery store and Amy went to many.,Kimberley's student went to one grocery store and Amy went to many important.,syntax,ellipsis,ellipsis_n_bar_1,True,False,False,False,860,-104.45355987548828,-98.37770080566406,0
Natalie arrives at several smooth college campuses and every senator's handyman arrives at a few.,Natalie arrives at several college campuses and every senator's handyman arrives at a few smooth.,syntax,ellipsis,ellipsis_n_bar_1,True,False,False,False,861,-139.89944458007812,-138.1027069091797,0
Some art galleries haven't alarmed three exposed banks and Clyde hadn't alarmed at least as many.,Some art galleries haven't alarmed three banks and Clyde hadn't alarmed at least as many exposed.,syntax,ellipsis,ellipsis_n_bar_1,True,False,False,False,862,-141.4219970703125,-137.68289184570312,0
All boxes disturb three good teachers and those plays about the Balkans disturb two.,All boxes disturb three teachers and those plays about the Balkans disturb two good.,syntax,ellipsis,ellipsis_n_bar_1,True,False,False,False,863,-114.67826080322266,-115.93367767333984,1
Phillip discussed few young children and Carrie's podiatrists discussed many.,Phillip discussed few children and Carrie's podiatrists discussed many young.,syntax,ellipsis,ellipsis_n_bar_1,True,False,False,False,864,-125.73124694824219,-126.6565933227539,1
A boy had helped three scared associates and Kristen had helped more.,A boy had helped three associates and Kristen had helped more scared.,syntax,ellipsis,ellipsis_n_bar_1,True,False,False,False,865,-102.5809555053711,-102.60084533691406,1
That man's partner skates around one hidden lake and Sara skates around four.,That man's partner skates around one lake and Sara skates around four hidden.,syntax,ellipsis,ellipsis_n_bar_1,True,False,False,False,866,-124.4385986328125,-127.37850189208984,1
Timothy bothered one sick teacher and Helen's guests bothered at least as many.,Timothy bothered one teacher and Helen's guests bothered at least as many sick.,syntax,ellipsis,ellipsis_n_bar_1,True,False,False,False,867,-116.98395538330078,-115.58240509033203,0
Katherine fixes one out in the open plate and Paula fixes a lot.,Katherine fixes one plate and Paula fixes a lot out in the open.,syntax,ellipsis,ellipsis_n_bar_1,True,False,False,False,868,-102.60086822509766,-104.19227600097656,1
The person's daughters boast about a lot of employed students and the people boast about a few.,The person's daughters boast about a lot of students and the people boast about a few employed.,syntax,ellipsis,ellipsis_n_bar_1,True,False,False,False,869,-116.11019897460938,-111.56430053710938,0
Mark took one brown muffin and Heather's student took five.,Mark took one muffin and Heather's student took five brown.,syntax,ellipsis,ellipsis_n_bar_1,True,False,False,False,870,-84.79385375976562,-83.16213989257812,0
The Impressionists' grandfather took one exposed shawl and Jerry took several.,The Impressionists' grandfather took one shawl and Jerry took several exposed.,syntax,ellipsis,ellipsis_n_bar_1,True,False,False,False,871,-127.68069458007812,-124.36911010742188,0
This cucumber bothers a lot of unemployed ex-husbands and Jane's partners bothers a few.,This cucumber bothers a lot of ex-husbands and Jane's partners bothers a few unemployed.,syntax,ellipsis,ellipsis_n_bar_1,True,False,False,False,872,-145.40289306640625,-140.93618774414062,0
Some newspaper article about the Borgias irritates four busy electricians and every skirt irritates five.,Some newspaper article about the Borgias irritates four electricians and every skirt irritates five busy.,syntax,ellipsis,ellipsis_n_bar_1,True,False,False,False,873,-162.854736328125,-162.1368408203125,0
The sister of Erin praises three unemployed teachers and Sharon's husband praises at least as many.,The sister of Erin praises three teachers and Sharon's husband praises at least as many unemployed.,syntax,ellipsis,ellipsis_n_bar_1,True,False,False,False,874,-129.5257568359375,-125.77638244628906,0
Those granddaughters of Stephanie flee from a lot of employed supervisors and Rose's classmates flee from a few.,Those granddaughters of Stephanie flee from a lot of supervisors and Rose's classmates flee from a few employed.,syntax,ellipsis,ellipsis_n_bar_1,True,False,False,False,875,-161.26417541503906,-157.89743041992188,0
A man's sons haven't sold a few green pants and a committee had sold several.,A man's sons haven't sold a few pants and a committee had sold several green.,syntax,ellipsis,ellipsis_n_bar_1,True,False,False,False,876,-123.89981079101562,-123.72746276855469,0
Jacqueline had explored three smooth malls and every brother of Jane had explored almost as many.,Jacqueline had explored three malls and every brother of Jane had explored almost as many smooth.,syntax,ellipsis,ellipsis_n_bar_1,True,False,False,False,877,-137.68487548828125,-138.6436309814453,1
Martha's son would clean one concealed fork and Tracy would clean some.,Martha's son would clean one fork and Tracy would clean some concealed.,syntax,ellipsis,ellipsis_n_bar_1,True,False,False,False,878,-106.19071960449219,-104.00802612304688,0
Some lady observed three big cashiers and Sally observed at least as many.,Some lady observed three cashiers and Sally observed at least as many big.,syntax,ellipsis,ellipsis_n_bar_1,True,False,False,False,879,-108.02734375,-108.24514770507812,1
Some girls bores four exposed granddaughters of and the Borgias bores five.,Some girls bores four granddaughters of and the Borgias bores five exposed.,syntax,ellipsis,ellipsis_n_bar_1,True,False,False,False,880,-151.1117706298828,-148.94073486328125,0
Randolf wasn't confusing one bad company and those mirrors were confusing a lot.,Randolf wasn't confusing one company and those mirrors were confusing a lot bad.,syntax,ellipsis,ellipsis_n_bar_1,True,False,False,False,881,-109.20376586914062,-111.94264221191406,1
The man wasn't upsetting one bad legislature and this coat wasn't upsetting more.,The man wasn't upsetting one legislature and this coat wasn't upsetting more bad.,syntax,ellipsis,ellipsis_n_bar_1,True,False,False,False,882,-109.19100952148438,-107.06146240234375,0
These teachers lift no gray cucumbers and Becca's ex-girlfriends lift some.,These teachers lift no cucumbers and Becca's ex-girlfriends lift some gray.,syntax,ellipsis,ellipsis_n_bar_1,True,False,False,False,883,-135.89328002929688,-136.49208068847656,1
Sharon won't leave one scared son and Janice won't leave few.,Sharon won't leave one son and Janice won't leave few scared.,syntax,ellipsis,ellipsis_n_bar_1,True,False,False,False,884,-101.24723815917969,-96.65925598144531,0
A lot of cashiers' oncologist does appreciate five delighted associates and Monica does appreciate four.,A lot of cashiers' oncologist does appreciate five associates and Monica does appreciate four delighted.,syntax,ellipsis,ellipsis_n_bar_1,True,False,False,False,885,-172.33749389648438,-170.7919921875,0
Homer's ex-girlfriends impress a lot of bad companies and many sketches impress a few.,Homer's ex-girlfriends impress a lot of companies and many sketches impress a few bad.,syntax,ellipsis,ellipsis_n_bar_1,True,False,False,False,886,-132.9091033935547,-134.62876892089844,1
Meredith's boss lifted three purple birds and Allison's ex-boyfriends lifted two.,Meredith's boss lifted three birds and Allison's ex-boyfriends lifted two purple.,syntax,ellipsis,ellipsis_n_bar_1,True,False,False,False,887,-139.08531188964844,-140.32913208007812,1
Many sketches should upset few young brothers and these malls should upset many.,Many sketches should upset few brothers and these malls should upset many young.,syntax,ellipsis,ellipsis_n_bar_1,True,False,False,False,888,-108.24435424804688,-109.56310272216797,1
Carmen's partners listen to several serious doctors and Brad's associates listen to a few.,Carmen's partners listen to several doctors and Brad's associates listen to a few serious.,syntax,ellipsis,ellipsis_n_bar_1,True,False,False,False,889,-123.55201721191406,-123.51226806640625,0
Carol sees one yellow dress and Tracy sees several.,Carol sees one dress and Tracy sees several yellow.,syntax,ellipsis,ellipsis_n_bar_1,True,False,False,False,890,-83.18956756591797,-84.09957122802734,1
Jessica wouldn't drive to one big mall and Veronica wouldn't drive to two.,Jessica wouldn't drive to one mall and Veronica wouldn't drive to two big.,syntax,ellipsis,ellipsis_n_bar_1,True,False,False,False,891,-89.38941955566406,-91.5291748046875,1
Mitchell's ex-boyfriend discovered three bad essays and Jacqueline's handymen discovered almost as many.,Mitchell's ex-boyfriend discovered three essays and Jacqueline's handymen discovered almost as many bad.,syntax,ellipsis,ellipsis_n_bar_1,True,False,False,False,892,-170.0347900390625,-166.28526306152344,0
Leslie hasn't worked with a few upset granddaughters of and Jill hasn't worked with several.,Leslie hasn't worked with a few granddaughters of and Jill hasn't worked with several upset.,syntax,ellipsis,ellipsis_n_bar_1,True,False,False,False,893,-133.831787109375,-126.95759582519531,0
That niece of Cheryl wasn't researching three hidden ex-husbands and Anna wasn't researching two.,That niece of Cheryl wasn't researching three ex-husbands and Anna wasn't researching two hidden.,syntax,ellipsis,ellipsis_n_bar_1,True,False,False,False,894,-159.4409942626953,-158.11422729492188,0
Andrew didn't conceal a lot of displeased friends of and Irene didn't conceal a few.,Andrew didn't conceal a lot of friends of and Irene didn't conceal a few displeased.,syntax,ellipsis,ellipsis_n_bar_1,True,False,False,False,895,-122.08827209472656,-117.091796875,0
Matt wouldn't remember five smart grandsons and some dancer wouldn't remember four.,Matt wouldn't remember five grandsons and some dancer wouldn't remember four smart.,syntax,ellipsis,ellipsis_n_bar_1,True,False,False,False,896,-110.79776763916016,-109.20405578613281,0
Benjamin might skate around one smooth hill and Roger might skate around three.,Benjamin might skate around one hill and Roger might skate around three smooth.,syntax,ellipsis,ellipsis_n_bar_1,True,False,False,False,897,-123.26545715332031,-123.07096099853516,0
Tina should admire a few gray books about and every woman's friend should admire a lot.,Tina should admire a few books about and every woman's friend should admire a lot gray.,syntax,ellipsis,ellipsis_n_bar_1,True,False,False,False,898,-128.5876007080078,-130.42431640625,1
The hair hadn't shocked five bad doctors and some print hadn't shocked four.,The hair hadn't shocked five doctors and some print hadn't shocked four bad.,syntax,ellipsis,ellipsis_n_bar_1,True,False,False,False,899,-116.13839721679688,-117.75090789794922,1
Sketches of Deanna look like three smooth screens and all paintings of Amy look like at least as many.,Sketches of Deanna look like three screens and all paintings of Amy look like at least as many smooth.,syntax,ellipsis,ellipsis_n_bar_1,True,False,False,False,900,-165.71878051757812,-166.2623748779297,1
Noah visits three unlucky nephews and Monet's cousin visits at least as many.,Noah visits three nephews and Monet's cousin visits at least as many unlucky.,syntax,ellipsis,ellipsis_n_bar_1,True,False,False,False,901,-135.0400390625,-133.4842529296875,0
Guy's handymen were researching no long books about and Teresa's students were researching some.,Guy's handymen were researching no books about and Teresa's students were researching some long.,syntax,ellipsis,ellipsis_n_bar_1,True,False,False,False,902,-131.41651916503906,-128.768310546875,0
Some actresses won't think about several big doctors and Walter's plumbers won't think about a few.,Some actresses won't think about several doctors and Walter's plumbers won't think about a few big.,syntax,ellipsis,ellipsis_n_bar_1,True,False,False,False,903,-121.28414916992188,-122.18274688720703,1
Rodney is insulting one small grandmother of and Rhonda is insulting some.,Rodney is insulting one grandmother of and Rhonda is insulting some small.,syntax,ellipsis,ellipsis_n_bar_1,True,False,False,False,904,-113.55712127685547,-112.11845397949219,0
The photograph won't confuse one uncertain mentee and most restaurants won't confuse five.,The photograph won't confuse one mentee and most restaurants won't confuse five uncertain.,syntax,ellipsis,ellipsis_n_bar_1,True,False,False,False,905,-134.16029357910156,-134.25030517578125,1
Many brothers of Laura embarrasses three ill nieces of and that bread embarrasses fewer.,Many brothers of Laura embarrasses three nieces of and that bread embarrasses fewer ill.,syntax,ellipsis,ellipsis_n_bar_1,True,False,False,False,906,-155.97010803222656,-154.1925048828125,0
These ladies couldn't find five gray eggplants and Ellen couldn't find four.,These ladies couldn't find five eggplants and Ellen couldn't find four gray.,syntax,ellipsis,ellipsis_n_bar_1,True,False,False,False,907,-107.24935150146484,-109.09546661376953,1
Joseph's employee hasn't cleaned several orange movie theaters and David's senator hasn't cleaned a few.,Joseph's employee hasn't cleaned several movie theaters and David's senator hasn't cleaned a few orange.,syntax,ellipsis,ellipsis_n_bar_1,True,False,False,False,908,-138.38287353515625,-136.78598022460938,0
Julie hasn't upset one bad grandson of and Sara's guests have upset more.,Julie hasn't upset one grandson of and Sara's guests have upset more bad.,syntax,ellipsis,ellipsis_n_bar_1,True,False,False,False,909,-111.4223861694336,-108.66373443603516,0
Most convertibles embarrassed one unlucky plumber and the hair embarrassed four.,Most convertibles embarrassed one plumber and the hair embarrassed four unlucky.,syntax,ellipsis,ellipsis_n_bar_1,True,False,False,False,910,-119.72537994384766,-117.75806427001953,0
Some cousins of the guests reveal one concealed girl and daughters of actresses reveal five.,Some cousins of the guests reveal one girl and daughters of actresses reveal five concealed.,syntax,ellipsis,ellipsis_n_bar_1,True,False,False,False,911,-119.74983215332031,-116.25708770751953,0
Karen went to one white lake and Cynthia went to at least as many.,Karen went to one lake and Cynthia went to at least as many white.,syntax,ellipsis,ellipsis_n_bar_1,True,False,False,False,912,-99.34550476074219,-98.78551483154297,0
Carl had gone to no hard college campuses and Rachelle's mentees had gone to some.,Carl had gone to no college campuses and Rachelle's mentees had gone to some hard.,syntax,ellipsis,ellipsis_n_bar_1,True,False,False,False,913,-129.15896606445312,-126.57255554199219,0
Cheryl hadn't passed one smooth grocery store and Angela hadn't passed at least as many.,Cheryl hadn't passed one grocery store and Angela hadn't passed at least as many smooth.,syntax,ellipsis,ellipsis_n_bar_1,True,False,False,False,914,-140.24215698242188,-137.9408721923828,0
Those reports aren't boring one small ex-boyfriend and every sister of Judy is boring more.,Those reports aren't boring one ex-boyfriend and every sister of Judy is boring more small.,syntax,ellipsis,ellipsis_n_bar_1,True,False,False,False,915,-138.84130859375,-137.48876953125,0
Lisa had sold a few hidden shawls and Amelia's daughter had sold a lot.,Lisa had sold a few shawls and Amelia's daughter had sold a lot hidden.,syntax,ellipsis,ellipsis_n_bar_1,True,False,False,False,916,-99.5174789428711,-104.5516357421875,1
Adam was wearing five purple dresses and Cindy was wearing four.,Adam was wearing five dresses and Cindy was wearing four purple.,syntax,ellipsis,ellipsis_n_bar_1,True,False,False,False,917,-74.49996185302734,-77.44882202148438,1
Carrie has descended a few smooth slopes and Victoria has descended a lot.,Carrie has descended a few slopes and Victoria has descended a lot smooth.,syntax,ellipsis,ellipsis_n_bar_1,True,False,False,False,918,-95.6684799194336,-99.42556762695312,1
Sara broke one cheap carriage and Kendra's classmate broke two.,Sara broke one carriage and Kendra's classmate broke two cheap.,syntax,ellipsis,ellipsis_n_bar_1,True,False,False,False,919,-114.72525024414062,-114.02125549316406,0
Cheryl's daughters were examining one employed brother and Aaron was examining few.,Cheryl's daughters were examining one brother and Aaron was examining few employed.,syntax,ellipsis,ellipsis_n_bar_1,True,False,False,False,920,-131.41539001464844,-128.91342163085938,0
Travis should walk through a few dirty cafes and all cashiers should walk through several.,Travis should walk through a few cafes and all cashiers should walk through several dirty.,syntax,ellipsis,ellipsis_n_bar_1,True,False,False,False,921,-131.15817260742188,-132.10028076171875,1
Regina's mentor isn't taking a few brown cars and Nina isn't taking several.,Regina's mentor isn't taking a few cars and Nina isn't taking several brown.,syntax,ellipsis,ellipsis_n_bar_1,True,False,False,False,922,-111.07349395751953,-110.88985443115234,0
Margaret's senators like one big daughter of and this adult's sons like some.,Margaret's senators like one daughter of and this adult's sons like some big.,syntax,ellipsis,ellipsis_n_bar_1,True,False,False,False,923,-112.30502319335938,-112.68524169921875,1
Dawn thinks about many hidden pants and some pedestrian's dentist thinks about few.,Dawn thinks about many pants and some pedestrian's dentist thinks about few hidden.,syntax,ellipsis,ellipsis_n_bar_1,True,False,False,False,924,-128.51239013671875,-129.17413330078125,1
Theodore's piano teacher doesn't impress three small brothers of and some customer's grandfathers would impress fewer.,Theodore's piano teacher doesn't impress three brothers of and some customer's grandfathers would impress fewer small.,syntax,ellipsis,ellipsis_n_bar_1,True,False,False,False,925,-163.2615509033203,-164.51119995117188,1
Stacy's students took three red cats and Travis took at least as many.,Stacy's students took three cats and Travis took at least as many red.,syntax,ellipsis,ellipsis_n_bar_1,True,False,False,False,926,-109.04345703125,-109.86813354492188,1
A cousin of Florence wasn't disagreeing with three out in the open sisters of and Jesus's cousin wasn't disagreeing with at least as many.,A cousin of Florence wasn't disagreeing with three sisters of and Jesus's cousin wasn't disagreeing with at least as many out in the open.,syntax,ellipsis,ellipsis_n_bar_1,True,False,False,False,927,-204.9053497314453,-198.02587890625,0
Every patient hadn't discovered three red hills and Homer's mentee hadn't discovered at least as many.,Every patient hadn't discovered three hills and Homer's mentee hadn't discovered at least as many red.,syntax,ellipsis,ellipsis_n_bar_1,True,False,False,False,928,-144.9111328125,-144.71435546875,0
Some students appreciate five important essays and Peter's partners appreciate four.,Some students appreciate five essays and Peter's partners appreciate four important.,syntax,ellipsis,ellipsis_n_bar_1,True,False,False,False,929,-94.84796142578125,-96.84085083007812,1
Florence investigates three displeased girls and Sabrina investigates more.,Florence investigates three girls and Sabrina investigates more displeased.,syntax,ellipsis,ellipsis_n_bar_1,True,False,False,False,930,-129.4955291748047,-126.0484848022461,0
Veronica was boasting about four lucky employees and Frank's electrician was boasting about five.,Veronica was boasting about four employees and Frank's electrician was boasting about five lucky.,syntax,ellipsis,ellipsis_n_bar_1,True,False,False,False,931,-132.08999633789062,-132.89779663085938,1
The daughters of Deborah respect no unlucky waiters and Jerry's contractors respect some.,The daughters of Deborah respect no waiters and Jerry's contractors respect some unlucky.,syntax,ellipsis,ellipsis_n_bar_1,True,False,False,False,932,-130.22207641601562,-128.6422576904297,0
Clyde saw one employed brother of and Curtis saw five.,Clyde saw one brother of and Curtis saw five employed.,syntax,ellipsis,ellipsis_n_bar_1,True,False,False,False,933,-103.67900085449219,-102.79419708251953,0
Richard was wearing a lot of new scarves and Kayla's dermatologists weren't wearing a few.,Richard was wearing a lot of scarves and Kayla's dermatologists weren't wearing a few new.,syntax,ellipsis,ellipsis_n_bar_1,True,False,False,False,934,-126.08772277832031,-127.63084411621094,1
Peter wouldn't drop by three bad closets and every boy wouldn't drop by more.,Peter wouldn't drop by three closets and every boy wouldn't drop by more bad.,syntax,ellipsis,ellipsis_n_bar_1,True,False,False,False,935,-108.46815490722656,-105.22584533691406,0
Donald has revealed one confident partner and Caroline's dermatologists hadn't revealed a few.,Donald has revealed one partner and Caroline's dermatologists hadn't revealed a few confident.,syntax,ellipsis,ellipsis_n_bar_1,True,False,False,False,936,-121.50823974609375,-117.72444152832031,0
Barbara's podiatrists alarm one upset sister of and all forks alarm many.,Barbara's podiatrists alarm one sister of and all forks alarm many upset.,syntax,ellipsis,ellipsis_n_bar_1,True,False,False,False,937,-151.34201049804688,-147.25674438476562,0
Melinda hadn't revealed one small employee and that guy's grandson hadn't revealed more.,Melinda hadn't revealed one employee and that guy's grandson hadn't revealed more small.,syntax,ellipsis,ellipsis_n_bar_1,True,False,False,False,938,-112.01400756835938,-112.55594635009766,1
Some school insults three lucky guests and Dawn insults almost as many.,Some school insults three guests and Dawn insults almost as many lucky.,syntax,ellipsis,ellipsis_n_bar_1,True,False,False,False,939,-103.41551208496094,-103.8476791381836,1
Sara boasts about three displeased brothers of and every teacher boasts about more.,Sara boasts about three brothers of and every teacher boasts about more displeased.,syntax,ellipsis,ellipsis_n_bar_1,True,False,False,False,940,-139.8704071044922,-133.94309997558594,0
Sara walks through several yellow restaurants and Tina walks through a few.,Sara walks through several restaurants and Tina walks through a few yellow.,syntax,ellipsis,ellipsis_n_bar_1,True,False,False,False,941,-98.38712310791016,-98.83114624023438,1
Samantha isn't breaking a few broken cups and a horse isn't breaking a lot.,Samantha isn't breaking a few cups and a horse isn't breaking a lot broken.,syntax,ellipsis,ellipsis_n_bar_1,True,False,False,False,942,-113.51203155517578,-114.48501586914062,1
A mother of Natalie hired one smart classmate and Christina hired a lot.,A mother of Natalie hired one classmate and Christina hired a lot smart.,syntax,ellipsis,ellipsis_n_bar_1,True,False,False,False,943,-109.88542175292969,-112.75331115722656,1
This waiter doesn't listen to a lot of old fathers of and those associations should listen to a few.,This waiter doesn't listen to a lot of fathers of and those associations should listen to a few old.,syntax,ellipsis,ellipsis_n_bar_1,True,False,False,False,944,-106.4002914428711,-104.52389526367188,0
Alexander's sisters worry one important association and all candles worry five.,Alexander's sisters worry one association and all candles worry five important.,syntax,ellipsis,ellipsis_n_bar_1,True,False,False,False,945,-101.29826354980469,-102.83956146240234,1
Eva wasn't hiding one happy niece and every grandson of Ruth wasn't hiding a lot.,Eva wasn't hiding one niece and every grandson of Ruth wasn't hiding a lot happy.,syntax,ellipsis,ellipsis_n_bar_1,True,False,False,False,946,-115.30288696289062,-115.32611846923828,1
Sonia's ex-wives found one busy plumber and Alan found at least as many.,Sonia's ex-wives found one plumber and Alan found at least as many busy.,syntax,ellipsis,ellipsis_n_bar_1,True,False,False,False,947,-131.6371612548828,-130.97364807128906,0
Danielle climbed up three smooth steps and Marcus climbed up at least as many.,Danielle climbed up three steps and Marcus climbed up at least as many smooth.,syntax,ellipsis,ellipsis_n_bar_1,True,False,False,False,948,-107.43083953857422,-106.11383056640625,0
A lot of teenagers noticed a few unemployed contractors and Andrea's dermatologist noticed a lot.,A lot of teenagers noticed a few contractors and Andrea's dermatologist noticed a lot unemployed.,syntax,ellipsis,ellipsis_n_bar_1,True,False,False,False,949,-136.45455932617188,-139.5315704345703,1
Those people hadn't concealed three hopeful teenagers and this patient hadn't concealed two.,Those people hadn't concealed three teenagers and this patient hadn't concealed two hopeful.,syntax,ellipsis,ellipsis_n_bar_1,True,False,False,False,950,-114.35285949707031,-111.76094055175781,0
Catherine appreciated one hidden lady and a grandfather of Alan appreciated a lot.,Catherine appreciated one lady and a grandfather of Alan appreciated a lot hidden.,syntax,ellipsis,ellipsis_n_bar_1,True,False,False,False,951,-101.87794494628906,-104.19087219238281,1
Many daughters of Anne complain about many hidden books about and a lot of girls complain about few.,Many daughters of Anne complain about many books about and a lot of girls complain about few hidden.,syntax,ellipsis,ellipsis_n_bar_1,True,False,False,False,952,-123.73473358154297,-122.62994384765625,0
These nieces of Beth pass many bad malls and Ronald's grandmothers pass few.,These nieces of Beth pass many malls and Ronald's grandmothers pass few bad.,syntax,ellipsis,ellipsis_n_bar_1,True,False,False,False,953,-151.37393188476562,-150.8997802734375,0
These customers' classmate can cure no determined grandmothers of and a lot of students can cure some.,These customers' classmate can cure no grandmothers of and a lot of students can cure some determined.,syntax,ellipsis,ellipsis_n_bar_1,True,False,False,False,954,-137.39794921875,-133.53866577148438,0
Janet's ex-husbands buy one big sketch of and many friends of these cashiers buy a few.,Janet's ex-husbands buy one sketch of and many friends of these cashiers buy a few big.,syntax,ellipsis,ellipsis_n_bar_1,True,False,False,False,955,-155.42178344726562,-159.08981323242188,1
A son of Helen reveals one displeased tutor and Carolyn reveals three.,A son of Helen reveals one tutor and Carolyn reveals three displeased.,syntax,ellipsis,ellipsis_n_bar_1,True,False,False,False,956,-125.33766174316406,-123.58390808105469,0
Every son of Rebecca was skated around one cheap hospital and Alan was skated around five.,Every son of Rebecca was skated around one hospital and Alan was skated around five cheap.,syntax,ellipsis,ellipsis_n_bar_1,True,False,False,False,957,-125.44596862792969,-124.30093383789062,0
Clyde should embarrass three hidden brothers of and that play about Monet should embarrass almost as many.,Clyde should embarrass three brothers of and that play about Monet should embarrass almost as many hidden.,syntax,ellipsis,ellipsis_n_bar_1,True,False,False,False,958,-171.31234741210938,-167.88055419921875,0
Some dancers hadn't explored several orange high schools and Veronica's ex-husband hadn't explored a few.,Some dancers hadn't explored several high schools and Veronica's ex-husband hadn't explored a few orange.,syntax,ellipsis,ellipsis_n_bar_1,True,False,False,False,959,-138.0690460205078,-134.86972045898438,0
Kevin cures one lucky ex-wife and Carla cures some.,Kevin cures one ex-wife and Carla cures some lucky.,syntax,ellipsis,ellipsis_n_bar_1,True,False,False,False,960,-100.48026275634766,-99.3430404663086,0
These glasses distract four concealed mentees and some sweaters distract five.,These glasses distract four mentees and some sweaters distract five concealed.,syntax,ellipsis,ellipsis_n_bar_1,True,False,False,False,961,-118.3167724609375,-119.90695190429688,1
Becky had fixed one popular bicycle and Debra had fixed several.,Becky had fixed one bicycle and Debra had fixed several popular.,syntax,ellipsis,ellipsis_n_bar_1,True,False,False,False,962,-93.8962173461914,-91.87136840820312,0
A lot of teachers won't escape from one clean movie theater and the ladies won't escape from three.,A lot of teachers won't escape from one movie theater and the ladies won't escape from three clean.,syntax,ellipsis,ellipsis_n_bar_1,True,False,False,False,963,-130.54306030273438,-129.27696228027344,0
Rodney isn't taking a few small chairs and all cashiers aren't taking several.,Rodney isn't taking a few chairs and all cashiers aren't taking several small.,syntax,ellipsis,ellipsis_n_bar_1,True,False,False,False,964,-102.21173095703125,-102.18712615966797,0
Derek's handymen listen to a few serious plumbers and these adults listen to a lot.,Derek's handymen listen to a few plumbers and these adults listen to a lot serious.,syntax,ellipsis,ellipsis_n_bar_1,True,False,False,False,965,-125.4192886352539,-126.54202270507812,1
Some driver's spouse hadn't biked to a lot of hard art galleries and the Lutherans' sister hadn't biked to a few.,Some driver's spouse hadn't biked to a lot of art galleries and the Lutherans' sister hadn't biked to a few hard.,syntax,ellipsis,ellipsis_n_bar_1,True,False,False,False,966,-203.1184539794922,-203.19606018066406,1
Gregory attacks three scared pedestrians and Caroline attacks at least as many.,Gregory attacks three pedestrians and Caroline attacks at least as many scared.,syntax,ellipsis,ellipsis_n_bar_1,True,False,False,False,967,-97.61262512207031,-96.91746520996094,0
Janice can't break a lot of orange glasses and a turtle can't break a few.,Janice can't break a lot of glasses and a turtle can't break a few orange.,syntax,ellipsis,ellipsis_n_bar_1,True,False,False,False,968,-92.08137512207031,-93.98381042480469,1
Carolyn hugged one sick employee and Sherry hugged a lot.,Carolyn hugged one employee and Sherry hugged a lot sick.,syntax,ellipsis,ellipsis_n_bar_1,True,False,False,False,969,-95.04510498046875,-97.4847412109375,1
A sister of Heidi can disagree with one old friend of and customers can disagree with several.,A sister of Heidi can disagree with one friend of and customers can disagree with several old.,syntax,ellipsis,ellipsis_n_bar_1,True,False,False,False,970,-128.44296264648438,-125.30804443359375,0
Donald isn't climbing up one orange hill and Emily isn't climbing up a few.,Donald isn't climbing up one hill and Emily isn't climbing up a few orange.,syntax,ellipsis,ellipsis_n_bar_1,True,False,False,False,971,-97.48782348632812,-96.35122680664062,0
Rachelle hasn't arrived at four concealed art galleries and Carrie hasn't arrived at five.,Rachelle hasn't arrived at four art galleries and Carrie hasn't arrived at five concealed.,syntax,ellipsis,ellipsis_n_bar_1,True,False,False,False,972,-125.11018371582031,-127.62639617919922,1
This father of Sandra was worrying a lot of unemployed plumbers and Holly was worrying a few.,This father of Sandra was worrying a lot of plumbers and Holly was worrying a few unemployed.,syntax,ellipsis,ellipsis_n_bar_1,True,False,False,False,973,-131.74533081054688,-126.4166259765625,0
Grandmothers of Michelle disliked no standing dentists and Sabrina disliked some.,Grandmothers of Michelle disliked no dentists and Sabrina disliked some standing.,syntax,ellipsis,ellipsis_n_bar_1,True,False,False,False,974,-140.861572265625,-136.70040893554688,0
Christina's friend wears one old skirt and David wears several.,Christina's friend wears one skirt and David wears several old.,syntax,ellipsis,ellipsis_n_bar_1,True,False,False,False,975,-89.74872589111328,-89.95446014404297,1
Regina's doctors annoys three old mentors and this photograph annoys two.,Regina's doctors annoys three mentors and this photograph annoys two old.,syntax,ellipsis,ellipsis_n_bar_1,True,False,False,False,976,-123.8572006225586,-125.24697875976562,1
That friend of Roger discovered one hidden dermatologist and Karen discovered at least as many.,That friend of Roger discovered one dermatologist and Karen discovered at least as many hidden.,syntax,ellipsis,ellipsis_n_bar_1,True,False,False,False,977,-123.28572082519531,-123.73958587646484,1
Peter had listened to no upset oncologists and Sherry had listened to some.,Peter had listened to no oncologists and Sherry had listened to some upset.,syntax,ellipsis,ellipsis_n_bar_1,True,False,False,False,978,-108.9195785522461,-108.61665344238281,0
Rhonda breaks few purple bicycles and Keith breaks many.,Rhonda breaks few bicycles and Keith breaks many purple.,syntax,ellipsis,ellipsis_n_bar_1,True,False,False,False,979,-98.40599822998047,-96.41049194335938,0
Marie does watch a few excited oncologists and Derek does watch several.,Marie does watch a few oncologists and Derek does watch several excited.,syntax,ellipsis,ellipsis_n_bar_1,True,False,False,False,980,-110.30513763427734,-110.15615844726562,0
This organization had annoyed one determined teacher and Jill had annoyed a lot.,This organization had annoyed one teacher and Jill had annoyed a lot determined.,syntax,ellipsis,ellipsis_n_bar_1,True,False,False,False,981,-100.41659545898438,-98.85002136230469,0
Noah is describing one displeased lawyer and Stephanie is describing five.,Noah is describing one lawyer and Stephanie is describing five displeased.,syntax,ellipsis,ellipsis_n_bar_1,True,False,False,False,982,-110.28907775878906,-107.91710662841797,0
Every dancer wasn't helping several sick friends of and many children's employee wasn't helping a few.,Every dancer wasn't helping several friends of and many children's employee wasn't helping a few sick.,syntax,ellipsis,ellipsis_n_bar_1,True,False,False,False,983,-123.87129974365234,-120.49360656738281,0
Pamela's handymen arrive at several smooth libraries and Roger's teachers arrive at a few.,Pamela's handymen arrive at several libraries and Roger's teachers arrive at a few smooth.,syntax,ellipsis,ellipsis_n_bar_1,True,False,False,False,984,-148.5090789794922,-149.53350830078125,1
Claire's grandfather concealed five new malls and most guests concealed four.,Claire's grandfather concealed five malls and most guests concealed four new.,syntax,ellipsis,ellipsis_n_bar_1,True,False,False,False,985,-117.64955139160156,-121.39091491699219,1
Lissa discovered three white cakes and Lawrence's lawyers discovered fewer.,Lissa discovered three cakes and Lawrence's lawyers discovered fewer white.,syntax,ellipsis,ellipsis_n_bar_1,True,False,False,False,986,-98.97689819335938,-104.86773681640625,1
Every drawing of Douglas does look like three bad skirts and these paintings should look like two.,Every drawing of Douglas does look like three skirts and these paintings should look like two bad.,syntax,ellipsis,ellipsis_n_bar_1,True,False,False,False,987,-118.33295440673828,-119.0207748413086,1
William's plumber doesn't forget one troubled doctor and the grandfathers of Steve might forget more.,William's plumber doesn't forget one doctor and the grandfathers of Steve might forget more troubled.,syntax,ellipsis,ellipsis_n_bar_1,True,False,False,False,988,-135.97320556640625,-135.18800354003906,0
Most patients visit few excited senators and a lot of ladies visit many.,Most patients visit few senators and a lot of ladies visit many excited.,syntax,ellipsis,ellipsis_n_bar_1,True,False,False,False,989,-99.2776870727539,-98.38787078857422,0
Todd hired one confident father of and Deborah hired four.,Todd hired one father of and Deborah hired four confident.,syntax,ellipsis,ellipsis_n_bar_1,True,False,False,False,990,-83.1451187133789,-79.28927612304688,0
Anna's lawyers run around four black movie theaters and the people run around five.,Anna's lawyers run around four movie theaters and the people run around five black.,syntax,ellipsis,ellipsis_n_bar_1,True,False,False,False,991,-94.53697204589844,-93.86619567871094,0
Karen cares for two confident pedestrians and Irene cares for three.,Karen cares for two pedestrians and Irene cares for three confident.,syntax,ellipsis,ellipsis_n_bar_1,True,False,False,False,992,-106.39299011230469,-104.52816772460938,0
Carrie hadn't cleaned a lot of gray schools and Stacey hadn't cleaned a few.,Carrie hadn't cleaned a lot of schools and Stacey hadn't cleaned a few gray.,syntax,ellipsis,ellipsis_n_bar_1,True,False,False,False,993,-113.50143432617188,-111.8733901977539,0
Dan has helped one busy daughter of and this grandmother of the doctor has helped some.,Dan has helped one daughter of and this grandmother of the doctor has helped some busy.,syntax,ellipsis,ellipsis_n_bar_1,True,False,False,False,994,-102.76480102539062,-100.38124084472656,0
All patients have disturbed five young French teachers and some drawing of Timothy had disturbed four.,All patients have disturbed five French teachers and some drawing of Timothy had disturbed four young.,syntax,ellipsis,ellipsis_n_bar_1,True,False,False,False,995,-123.94564819335938,-124.93986511230469,1
Many pedestrians liked five brown mouths and Teresa liked four.,Many pedestrians liked five mouths and Teresa liked four brown.,syntax,ellipsis,ellipsis_n_bar_1,True,False,False,False,996,-84.94619750976562,-87.81455993652344,1
Those people won't hug a few old daughters and many dancers won't hug a lot.,Those people won't hug a few daughters and many dancers won't hug a lot old.,syntax,ellipsis,ellipsis_n_bar_1,True,False,False,False,997,-103.04911804199219,-105.58390808105469,1
Jeffrey insulted a lot of employed children and committees insulted a few.,Jeffrey insulted a lot of children and committees insulted a few employed.,syntax,ellipsis,ellipsis_n_bar_1,True,False,False,False,998,-90.32240295410156,-84.85265350341797,0
Jane revealed no clever fathers of and Russell revealed some.,Jane revealed no fathers of and Russell revealed some clever.,syntax,ellipsis,ellipsis_n_bar_1,True,False,False,False,999,-88.58390808105469,-83.96692657470703,0
