sentence_good,sentence_bad,field,linguistics_term,UID,simple_LM_method,one_prefix_method,two_prefix_method,lexically_identical,pair_id,good_prob,bad_prob,correct
Tara would ascertain it to be noteworthy that Kenneth didn't wash.,Tara wouldn't entice it to be noteworthy that Kenneth didn't wash.,syntax_semantics,control_raising,expletive_it_object_raising,True,False,True,False,0,-98.13159942626953,-108.85614776611328,1
Carla could declare it to be not so important that these doctors observe Rhonda.,Carla can convince it to be not so important that these doctors observe Rhonda.,syntax_semantics,control_raising,expletive_it_object_raising,True,False,True,False,1,-105.39424133300781,-106.08769226074219,1
Nina anticipated it to be nice that Jacqueline exists.,Nina obligated it to be nice that Jacqueline exists.,syntax_semantics,control_raising,expletive_it_object_raising,True,False,True,False,2,-79.78787231445312,-84.42960357666016,1
Some granddaughter of Bruce did find it to be expected that a lot of legislatures try to conceal Colleen.,Some granddaughter of Bruce would force it to be expected that a lot of legislatures try to conceal Colleen.,syntax_semantics,control_raising,expletive_it_object_raising,True,False,True,False,3,-132.59619140625,-132.9942626953125,1
Charles's brothers hadn't considered it to be not so amusing that every man exercised.,Charles's brothers motivate it to be not so amusing that every man exercised.,syntax_semantics,control_raising,expletive_it_object_raising,True,False,True,False,4,-94.32740020751953,-91.31620025634766,0
Maria discovers it to be not so good that Karla couldn't need Carlos to question Candice.,Maria shouldn't ask it to be not so good that Karla couldn't need Carlos to question Candice.,syntax_semantics,control_raising,expletive_it_object_raising,True,False,True,False,5,-129.08534240722656,-133.65158081054688,1
Walter considers it to be lucky that Angela walks through many museums.,Walter hadn't pressed it to be lucky that Angela walks through many museums.,syntax_semantics,control_raising,expletive_it_object_raising,True,False,True,False,6,-85.52864074707031,-93.70630645751953,1
Noah can't predict it to be not so funny that some pasta blackens.,Noah is pressuring it to be not so funny that some pasta blackens.,syntax_semantics,control_raising,expletive_it_object_raising,True,False,True,False,7,-101.25492858886719,-110.4058609008789,1
Aaron was predicting it to be amusing that Bradley motivates Jennifer to yawn.,Aaron asked it to be amusing that Bradley motivates Jennifer to yawn.,syntax_semantics,control_raising,expletive_it_object_raising,True,False,True,False,8,-127.22962951660156,-111.49240112304688,0
Ronald does need it to be not so pleasant that those actors hide away.,Ronald asked it to be not so pleasant that those actors hide away.,syntax_semantics,control_raising,expletive_it_object_raising,True,False,True,False,9,-87.75646209716797,-80.5736312866211,0
Michelle's mentors anticipate it to be bad that the Impressionists were hugging.,Michelle's mentors do tempt it to be bad that the Impressionists were hugging.,syntax_semantics,control_raising,expletive_it_object_raising,True,False,True,False,10,-110.9537353515625,-114.45896911621094,1
Winston Churchill found it to be not so obvious that Jill isn't wearing that hat.,Winston Churchill commissioned it to be not so obvious that Jill isn't wearing that hat.,syntax_semantics,control_raising,expletive_it_object_raising,True,False,True,False,11,-103.24734497070312,-107.64962768554688,1
Jane believed it to be not so amusing that Heidi wouldn't blink.,Jane hadn't enticed it to be not so amusing that Heidi wouldn't blink.,syntax_semantics,control_raising,expletive_it_object_raising,True,False,True,False,12,-79.89300537109375,-102.55379486083984,1
Jacqueline ascertains it to be nice that Adam was disturbing Guy.,Jacqueline would spur it to be nice that Adam was disturbing Guy.,syntax_semantics,control_raising,expletive_it_object_raising,True,False,True,False,13,-106.38227844238281,-95.30296325683594,0
Tanya is needing it to be expected that Sharon couldn't forget about who talks to Kenneth.,Tanya had ordered it to be expected that Sharon couldn't forget about who talks to Kenneth.,syntax_semantics,control_raising,expletive_it_object_raising,True,False,True,False,14,-120.3582992553711,-119.75886535644531,0
Girls hadn't needed it to be not so surprising that many actresses observe Gary.,Girls prod it to be not so surprising that many actresses observe Gary.,syntax_semantics,control_raising,expletive_it_object_raising,True,False,True,False,15,-96.75849914550781,-98.08411407470703,1
Some committee had discovered it to be strange that Denise should entreat Peter to win.,Some committee couldn't entreat it to be strange that Denise should entreat Peter to win.,syntax_semantics,control_raising,expletive_it_object_raising,True,False,True,False,16,-114.5931396484375,-129.2276611328125,1
The teenagers' hairdressers discover it to be not so clear that an eye flung open.,The teenagers' hairdressers haven't implored it to be not so clear that an eye flung open.,syntax_semantics,control_raising,expletive_it_object_raising,True,False,True,False,17,-130.31715393066406,-146.50408935546875,1
A lot of teenagers' ex-wives anticipate it to be not so important that Jeffrey drinks.,A lot of teenagers' ex-wives did push it to be not so important that Jeffrey drinks.,syntax_semantics,control_raising,expletive_it_object_raising,True,False,True,False,18,-134.13621520996094,-132.90390014648438,0
Some nephews of Tammy predict it to be okay that all ladies weren't imploring Charles to scare Steve.,Some nephews of Tammy hadn't compelled it to be okay that all ladies weren't imploring Charles to scare Steve.,syntax_semantics,control_raising,expletive_it_object_raising,True,False,True,False,19,-158.35858154296875,-166.97402954101562,1
The guys didn't consider it to be clear that Janet tempted some waiter to confuse David.,The guys persuaded it to be clear that Janet tempted some waiter to confuse David.,syntax_semantics,control_raising,expletive_it_object_raising,True,False,True,False,20,-111.53656005859375,-110.59088897705078,0
Kristen hasn't discovered it to be sad that teachers were responding.,Kristen isn't prodding it to be sad that teachers were responding.,syntax_semantics,control_raising,expletive_it_object_raising,True,False,True,False,21,-68.84738159179688,-93.77204895019531,1
Maria's cousins want it to be weird that Jennifer wishes to admire Susan.,Maria's cousins aren't badgering it to be weird that Jennifer wishes to admire Susan.,syntax_semantics,control_raising,expletive_it_object_raising,True,False,True,False,22,-94.92422485351562,-119.4970703125,1
Tracy ascertains it to be noteworthy that Emily didn't order this teenager's tutors to know Florence.,Tracy pressed it to be noteworthy that Emily didn't order this teenager's tutors to know Florence.,syntax_semantics,control_raising,expletive_it_object_raising,True,False,True,False,23,-165.35206604003906,-143.7433624267578,0
Catherine's doctor couldn't anticipate it to be too bad that Steven forfeits.,Catherine's doctor couldn't prod it to be too bad that Steven forfeits.,syntax_semantics,control_raising,expletive_it_object_raising,True,False,True,False,24,-111.53833770751953,-113.17437744140625,1
Irene judges it to be interesting that Samantha had hoped to argue.,Irene has prodded it to be interesting that Samantha had hoped to argue.,syntax_semantics,control_raising,expletive_it_object_raising,True,False,True,False,25,-92.02633666992188,-108.44976043701172,1
Cynthia's granddaughter has expected it to be sad that Beth smiled.,Cynthia's granddaughter compels it to be sad that Beth smiled.,syntax_semantics,control_raising,expletive_it_object_raising,True,False,True,False,26,-101.02603912353516,-109.88091278076172,1
The Clintons' granddaughters anticipate it to be obvious that Maria was shouting.,The Clintons' granddaughters have advised it to be obvious that Maria was shouting.,syntax_semantics,control_raising,expletive_it_object_raising,True,False,True,False,27,-126.1988296508789,-122.77855682373047,0
Marla's ex-boyfriend hasn't judged it to be not so funny that Gerald wasn't appearing to complain.,Marla's ex-boyfriend commissions it to be not so funny that Gerald wasn't appearing to complain.,syntax_semantics,control_raising,expletive_it_object_raising,True,False,True,False,28,-134.00119018554688,-132.0707244873047,0
This cashier's grandfathers predict it to be unexpected that the chair hadn't slipped.,This cashier's grandfathers shouldn't entreat it to be unexpected that the chair hadn't slipped.,syntax_semantics,control_raising,expletive_it_object_raising,True,False,True,False,29,-123.87574768066406,-139.04335021972656,1
Ronald declared it to be sad that the Lutherans sit down.,Ronald isn't obligating it to be sad that the Lutherans sit down.,syntax_semantics,control_raising,expletive_it_object_raising,True,False,True,False,30,-79.83566284179688,-96.16800689697266,1
Naomi's tutor wants it to be nice that Daniel could mutter.,Naomi's tutor enticed it to be nice that Daniel could mutter.,syntax_semantics,control_raising,expletive_it_object_raising,True,False,True,False,31,-95.11805725097656,-109.96720886230469,1
Many nieces of that dancer anticipated it to be worth saying that that actor would dare Eva to explore many hospitals.,Many nieces of that dancer require it to be worth saying that that actor would dare Eva to explore many hospitals.,syntax_semantics,control_raising,expletive_it_object_raising,True,False,True,False,32,-162.57870483398438,-157.2046356201172,0
This cashier had ascertained it to be not so interesting that Anna painted.,This cashier can't press it to be not so interesting that Anna painted.,syntax_semantics,control_raising,expletive_it_object_raising,True,False,True,False,33,-109.1343994140625,-86.74250030517578,0
Becky's electricians find it to be surprising that all patients drop by some movie theater.,Becky's electricians convinced it to be surprising that all patients drop by some movie theater.,syntax_semantics,control_raising,expletive_it_object_raising,True,False,True,False,34,-118.85037231445312,-123.00712585449219,1
Ann won't believe it to be apparent that some actress replies.,Ann isn't urging it to be apparent that some actress replies.,syntax_semantics,control_raising,expletive_it_object_raising,True,False,True,False,35,-75.10736846923828,-87.44129943847656,1
A lot of dancers declare it to be not so good that many icicles evaporate.,A lot of dancers convinced it to be not so good that many icicles evaporate.,syntax_semantics,control_raising,expletive_it_object_raising,True,False,True,False,36,-116.68646240234375,-113.35362243652344,0
Matt's cousins couldn't consider it to be natural that Cynthia wasn't yelling.,Matt's cousins urge it to be natural that Cynthia wasn't yelling.,syntax_semantics,control_raising,expletive_it_object_raising,True,False,True,False,37,-88.751708984375,-87.57190704345703,0
Kathleen discovered it to be worth mentioning that most waiters wave.,Kathleen begged it to be worth mentioning that most waiters wave.,syntax_semantics,control_raising,expletive_it_object_raising,True,False,True,False,38,-105.75260925292969,-105.9542236328125,1
The actors had judged it to be unsuprising that Rose had pressed Alan to escape.,The actors badger it to be unsuprising that Rose had pressed Alan to escape.,syntax_semantics,control_raising,expletive_it_object_raising,True,False,True,False,39,-133.30592346191406,-144.72195434570312,1
Thomas's ex-boyfriends prefer it to be noteworthy that Paul isn't figuring out who interact.,Thomas's ex-boyfriends could pressure it to be noteworthy that Paul isn't figuring out who interact.,syntax_semantics,control_raising,expletive_it_object_raising,True,False,True,False,40,-120.97447204589844,-132.83631896972656,1
Stacy found it to be unusual that Beth boasts.,Stacy wouldn't prod it to be unusual that Beth boasts.,syntax_semantics,control_raising,expletive_it_object_raising,True,False,True,False,41,-72.97572326660156,-90.13520812988281,1
Renee needed it to be important that Joel advises Diane to suffer.,Renee hadn't implored it to be important that Joel advises Diane to suffer.,syntax_semantics,control_raising,expletive_it_object_raising,True,False,True,False,42,-91.77755737304688,-112.64163970947266,1
The waitresses won't believe it to be worth saying that Eric escapes.,The waitresses press it to be worth saying that Eric escapes.,syntax_semantics,control_raising,expletive_it_object_raising,True,False,True,False,43,-88.86582946777344,-85.94094848632812,0
Those people haven't judged it to be not so clear that David hadn't murmured.,Those people entreat it to be not so clear that David hadn't murmured.,syntax_semantics,control_raising,expletive_it_object_raising,True,False,True,False,44,-92.94090270996094,-96.42159271240234,1
Marcus prefers it to be cool that Jane hadn't investigated all women.,Marcus motivated it to be cool that Jane hadn't investigated all women.,syntax_semantics,control_raising,expletive_it_object_raising,True,False,True,False,45,-82.189697265625,-83.26223754882812,1
Galileo needs it to be lucky that that adult wasn't healing teenagers.,Galileo hadn't compelled it to be lucky that that adult wasn't healing teenagers.,syntax_semantics,control_raising,expletive_it_object_raising,True,False,True,False,46,-95.27394104003906,-111.87877655029297,1
Those boys' lawyers judge it to be unusual that those dancers weren't compelling these patients to wave.,Those boys' lawyers ordered it to be unusual that those dancers weren't compelling these patients to wave.,syntax_semantics,control_raising,expletive_it_object_raising,True,False,True,False,47,-129.26318359375,-125.53268432617188,0
Scott's ex-boyfriends haven't found it to be good that those libraries like Karen.,Scott's ex-boyfriends require it to be good that those libraries like Karen.,syntax_semantics,control_raising,expletive_it_object_raising,True,False,True,False,48,-102.006103515625,-99.83433532714844,0
Drivers' grandfathers wouldn't want it to be natural that Daniel should figure out who proposes to descend the mountains.,Drivers' grandfathers prompt it to be natural that Daniel should figure out who proposes to descend the mountains.,syntax_semantics,control_raising,expletive_it_object_raising,True,False,True,False,49,-148.77011108398438,-154.70008850097656,1
Some patients are wanting it to be not so good that Claire wouldn't scream.,Some patients have pressed it to be not so good that Claire wouldn't scream.,syntax_semantics,control_raising,expletive_it_object_raising,True,False,True,False,50,-75.74081420898438,-80.86128234863281,1
Kathleen discovered it to be amusing that Diana fell asleep.,Kathleen required it to be amusing that Diana fell asleep.,syntax_semantics,control_raising,expletive_it_object_raising,True,False,True,False,51,-84.36933898925781,-86.00733947753906,1
Suzanne believes it to be too bad that the girls see Cheryl.,Suzanne wasn't persuading it to be too bad that the girls see Cheryl.,syntax_semantics,control_raising,expletive_it_object_raising,True,False,True,False,52,-79.24258422851562,-107.35314178466797,1
Those analyses judge it to be too bad that some senators could hire the Clintons.,Those analyses ask it to be too bad that some senators could hire the Clintons.,syntax_semantics,control_raising,expletive_it_object_raising,True,False,True,False,53,-106.52751159667969,-103.37580108642578,0
Heather anticipated it to be acceptable that Dana should declare Gerald to resemble the picture.,Heather urged it to be acceptable that Dana should declare Gerald to resemble the picture.,syntax_semantics,control_raising,expletive_it_object_raising,True,False,True,False,54,-122.00505065917969,-120.29388427734375,0
Mary's colleagues discover it to be normal that Walter appeared to embrace.,Mary's colleagues did require it to be normal that Walter appeared to embrace.,syntax_semantics,control_raising,expletive_it_object_raising,True,False,True,False,55,-87.59870910644531,-87.11717224121094,0
Edward believes it to be natural that Sandra does work with a doctor.,Edward had swayed it to be natural that Sandra does work with a doctor.,syntax_semantics,control_raising,expletive_it_object_raising,True,False,True,False,56,-72.17762756347656,-86.65288543701172,1
Travis's brother expected it to be worth saying that Gina is reading.,Travis's brother is swaying it to be worth saying that Gina is reading.,syntax_semantics,control_raising,expletive_it_object_raising,True,False,True,False,57,-97.16204833984375,-109.53494262695312,1
These organizations would anticipate it to be clear that Bradley presses Tara to conceal Lori.,These organizations shouldn't badger it to be clear that Bradley presses Tara to conceal Lori.,syntax_semantics,control_raising,expletive_it_object_raising,True,False,True,False,58,-122.24066925048828,-137.7303924560547,1
Richard's guests found it to be odd that Becca isn't saluting.,Richard's guests beg it to be odd that Becca isn't saluting.,syntax_semantics,control_raising,expletive_it_object_raising,True,False,True,False,59,-94.63607788085938,-101.64437866210938,1
Tanya's bosses anticipate it to be not so nice that the Clintons bike to most closets.,Tanya's bosses force it to be not so nice that the Clintons bike to most closets.,syntax_semantics,control_raising,expletive_it_object_raising,True,False,True,False,60,-142.510986328125,-136.24647521972656,0
Jessica was judging it to be acceptable that Todd copes.,Jessica tempts it to be acceptable that Todd copes.,syntax_semantics,control_raising,expletive_it_object_raising,True,False,True,False,61,-77.25157928466797,-83.32234191894531,1
Bethany was considering it to be not so important that a driver will continue to weep.,Bethany hasn't swayed it to be not so important that a driver will continue to weep.,syntax_semantics,control_raising,expletive_it_object_raising,True,False,True,False,62,-110.05168151855469,-124.55268859863281,1
Angela's sisters declare it to be uninteresting that this spotlight faded.,Angela's sisters ordered it to be uninteresting that this spotlight faded.,syntax_semantics,control_raising,expletive_it_object_raising,True,False,True,False,63,-103.68109893798828,-96.97027587890625,0
Keith believes it to be lucky that these guests escape from David.,Keith compelled it to be lucky that these guests escape from David.,syntax_semantics,control_raising,expletive_it_object_raising,True,False,True,False,64,-77.76728820800781,-82.64690399169922,1
Carla had considered it to be funny that Richard had failed to wave.,Carla can induce it to be funny that Richard had failed to wave.,syntax_semantics,control_raising,expletive_it_object_raising,True,False,True,False,65,-80.15249633789062,-86.33847045898438,1
A lady expects it to be unlucky that many pedestrians want some legislature to meet.,A lady tempted it to be unlucky that many pedestrians want some legislature to meet.,syntax_semantics,control_raising,expletive_it_object_raising,True,False,True,False,66,-114.16390991210938,-115.35401153564453,1
Russell expects it to be interesting that many guests leave that bank.,Russell begs it to be interesting that many guests leave that bank.,syntax_semantics,control_raising,expletive_it_object_raising,True,False,True,False,67,-73.35316467285156,-77.769287109375,1
Homer discovers it to be not so obvious that those glaciers aren't evaporating.,Homer advised it to be not so obvious that those glaciers aren't evaporating.,syntax_semantics,control_raising,expletive_it_object_raising,True,False,True,False,68,-100.32076263427734,-100.4213638305664,1
The girl needed it to be strange that a child prevented Teresa from talking to Adam.,The girl forced it to be strange that a child prevented Teresa from talking to Adam.,syntax_semantics,control_raising,expletive_it_object_raising,True,False,True,False,69,-100.43836975097656,-100.24940490722656,0
Tammy's contractor is finding it to be weird that most committees should cooperate.,Tammy's contractor persuades it to be weird that most committees should cooperate.,syntax_semantics,control_raising,expletive_it_object_raising,True,False,True,False,70,-95.22659301757812,-114.86712646484375,1
Regina wanted it to be obvious that Maria thought about Anna.,Regina forced it to be obvious that Maria thought about Anna.,syntax_semantics,control_raising,expletive_it_object_raising,True,False,True,False,71,-70.86058807373047,-74.01058197021484,1
Sabrina wasn't anticipating it to be unsuprising that Rhonda wins.,Sabrina badgered it to be unsuprising that Rhonda wins.,syntax_semantics,control_raising,expletive_it_object_raising,True,False,True,False,72,-124.22845458984375,-122.49021911621094,0
Most brothers of Victoria discover it to be unsuprising that some lamps can dim.,Most brothers of Victoria badgered it to be unsuprising that some lamps can dim.,syntax_semantics,control_raising,expletive_it_object_raising,True,False,True,False,73,-129.94969177246094,-145.54266357421875,1
The cousin of Julie wants it to be too bad that Anna cleans these glasses.,The cousin of Julie had compelled it to be too bad that Anna cleans these glasses.,syntax_semantics,control_raising,expletive_it_object_raising,True,False,True,False,74,-90.4662857055664,-106.21937561035156,1
Valerie might want it to be not so good that this steak bakes.,Valerie is imploring it to be not so good that this steak bakes.,syntax_semantics,control_raising,expletive_it_object_raising,True,False,True,False,75,-90.0462875366211,-100.72982025146484,1
Judy's daughters discover it to be not so interesting that Tamara cheers.,Judy's daughters begged it to be not so interesting that Tamara cheers.,syntax_semantics,control_raising,expletive_it_object_raising,True,False,True,False,76,-96.77885437011719,-97.23521423339844,1
Brian's lawyer should expect it to be interesting that Marie performs.,Brian's lawyer obligates it to be interesting that Marie performs.,syntax_semantics,control_raising,expletive_it_object_raising,True,False,True,False,77,-71.05299377441406,-81.14112091064453,1
All associations would find it to be not so weird that Teresa shouldn't weep.,All associations press it to be not so weird that Teresa shouldn't weep.,syntax_semantics,control_raising,expletive_it_object_raising,True,False,True,False,78,-92.7356948852539,-96.73298645019531,1
Todd considers it to be interesting that Ronald has described Joseph.,Todd is tempting it to be interesting that Ronald has described Joseph.,syntax_semantics,control_raising,expletive_it_object_raising,True,False,True,False,79,-76.0032958984375,-88.43508911132812,1
Helen's mentors are considering it to be weird that these actresses can clash.,Helen's mentors haven't obliged it to be weird that these actresses can clash.,syntax_semantics,control_raising,expletive_it_object_raising,True,False,True,False,80,-99.14511108398438,-111.66523742675781,1
James preferred it to be normal that Monet did implore some doctor to see a shirt.,James should compel it to be normal that Monet did implore some doctor to see a shirt.,syntax_semantics,control_raising,expletive_it_object_raising,True,False,True,False,81,-121.19770050048828,-135.17849731445312,1
Catherine anticipates it to be natural that a glove folds.,Catherine obligated it to be natural that a glove folds.,syntax_semantics,control_raising,expletive_it_object_raising,True,False,True,False,82,-96.06786346435547,-86.3367691040039,0
Jason hasn't believed it to be unpleasant that adults alarmed John.,Jason hadn't spurred it to be unpleasant that adults alarmed John.,syntax_semantics,control_raising,expletive_it_object_raising,True,False,True,False,83,-85.0493392944336,-94.33617401123047,1
Aaron's dermatologist believes it to be okay that Carrie disgusted a lot of girls.,Aaron's dermatologist enticed it to be okay that Carrie disgusted a lot of girls.,syntax_semantics,control_raising,expletive_it_object_raising,True,False,True,False,84,-106.62379455566406,-117.26664733886719,1
Amanda predicted it to be worth noting that these actresses hope to exist.,Amanda doesn't implore it to be worth noting that these actresses hope to exist.,syntax_semantics,control_raising,expletive_it_object_raising,True,False,True,False,85,-91.43305969238281,-110.56110382080078,1
That grandfather of James hasn't expected it to be expected that Joseph talks to Tanya.,That grandfather of James was pressing it to be expected that Joseph talks to Tanya.,syntax_semantics,control_raising,expletive_it_object_raising,True,False,True,False,86,-112.37445068359375,-113.37635040283203,1
Brett is considering it to be pleasant that Becca sounded like Suzanne.,Brett will command it to be pleasant that Becca sounded like Suzanne.,syntax_semantics,control_raising,expletive_it_object_raising,True,False,True,False,87,-107.18060302734375,-110.52679443359375,1
Christine hasn't discovered it to be worth mentioning that those customers neglect to drive to every hill.,Christine tempted it to be worth mentioning that those customers neglect to drive to every hill.,syntax_semantics,control_raising,expletive_it_object_raising,True,False,True,False,88,-120.63443756103516,-114.66191101074219,0
Sherry wasn't wanting it to be surprising that Monica prevents Stacy from hiring Beth.,Sherry can't tempt it to be surprising that Monica prevents Stacy from hiring Beth.,syntax_semantics,control_raising,expletive_it_object_raising,True,False,True,False,89,-125.05198669433594,-129.56980895996094,1
Joseph's sisters had ascertained it to be not so nice that Eva hadn't known who haven't met.,Joseph's sisters command it to be not so nice that Eva hadn't known who haven't met.,syntax_semantics,control_raising,expletive_it_object_raising,True,False,True,False,90,-134.57945251464844,-121.2431411743164,0
Some teenagers predict it to be amusing that Diane scans a story.,Some teenagers didn't prod it to be amusing that Diane scans a story.,syntax_semantics,control_raising,expletive_it_object_raising,True,False,True,False,91,-92.97306823730469,-102.5484619140625,1
Timothy's classmate found it to be unexpected that Gregory hasn't wanted Dana to descend those steps.,Timothy's classmate obliges it to be unexpected that Gregory hasn't wanted Dana to descend those steps.,syntax_semantics,control_raising,expletive_it_object_raising,True,False,True,False,92,-134.75123596191406,-151.76998901367188,1
All offspring had discovered it to be unfortunate that every cart does slow.,All offspring entice it to be unfortunate that every cart does slow.,syntax_semantics,control_raising,expletive_it_object_raising,True,False,True,False,93,-95.62278747558594,-107.20071411132812,1
These guests believe it to be unexpected that Andrew wasn't cleaning some cafe.,These guests persuaded it to be unexpected that Andrew wasn't cleaning some cafe.,syntax_semantics,control_raising,expletive_it_object_raising,True,False,True,False,94,-95.09893798828125,-96.33726501464844,1
Carl's fathers weren't needing it to be obvious that a lot of cars had stopped.,Carl's fathers induce it to be obvious that a lot of cars had stopped.,syntax_semantics,control_raising,expletive_it_object_raising,True,False,True,False,95,-87.68646240234375,-85.58990478515625,0
Grace expects it to be too bad that Julia wouldn't bring the dress.,Grace was motivating it to be too bad that Julia wouldn't bring the dress.,syntax_semantics,control_raising,expletive_it_object_raising,True,False,True,False,96,-86.83556365966797,-102.18971252441406,1
Stephanie hasn't expected it to be funny that those women are debating.,Stephanie wasn't enticing it to be funny that those women are debating.,syntax_semantics,control_raising,expletive_it_object_raising,True,False,True,False,97,-75.24053955078125,-87.52572631835938,1
Many teachers preferred it to be not so pleasant that a lot of companies reunite.,Many teachers convinced it to be not so pleasant that a lot of companies reunite.,syntax_semantics,control_raising,expletive_it_object_raising,True,False,True,False,98,-91.0789794921875,-90.21807098388672,0
Kenneth is expecting it to be not so weird that Noah wasn't returning to this school.,Kenneth obliged it to be not so weird that Noah wasn't returning to this school.,syntax_semantics,control_raising,expletive_it_object_raising,True,False,True,False,99,-99.25137329101562,-99.59012603759766,1
Benjamin declared it to be apparent that a lot of students approve.,Benjamin urges it to be apparent that a lot of students approve.,syntax_semantics,control_raising,expletive_it_object_raising,True,False,True,False,100,-76.00885009765625,-80.24760437011719,1
The man's colleague ascertained it to be apparent that Judy biked to this river.,The man's colleague pressures it to be apparent that Judy biked to this river.,syntax_semantics,control_raising,expletive_it_object_raising,True,False,True,False,101,-137.43988037109375,-121.47711181640625,0
Dennis preferred it to be unfortunate that most children weep.,Dennis begs it to be unfortunate that most children weep.,syntax_semantics,control_raising,expletive_it_object_raising,True,False,True,False,102,-82.27932739257812,-85.62662506103516,1
The Borgias' best friend couldn't ascertain it to be not so clear that all glasses unfolded.,The Borgias' best friend wasn't obligating it to be not so clear that all glasses unfolded.,syntax_semantics,control_raising,expletive_it_object_raising,True,False,True,False,103,-136.4187469482422,-142.21514892578125,1
Karla's doctors are believing it to be not so interesting that Galileo hunts.,Karla's doctors order it to be not so interesting that Galileo hunts.,syntax_semantics,control_raising,expletive_it_object_raising,True,False,True,False,104,-103.55109405517578,-98.67182159423828,0
Marla hadn't wanted it to be not so surprising that Carrie prompts Kristin's granddaughter to vanish.,Marla has compelled it to be not so surprising that Carrie prompts Kristin's granddaughter to vanish.,syntax_semantics,control_raising,expletive_it_object_raising,True,False,True,False,105,-132.50802612304688,-138.72743225097656,1
Debra is considering it to be not so important that that man smiles.,Debra obligates it to be not so important that that man smiles.,syntax_semantics,control_raising,expletive_it_object_raising,True,False,True,False,106,-73.07783508300781,-80.16300201416016,1
This driver considered it to be too bad that Irene had scanned those books.,This driver did encourage it to be too bad that Irene had scanned those books.,syntax_semantics,control_raising,expletive_it_object_raising,True,False,True,False,107,-98.2619400024414,-102.64652252197266,1
These drivers want it to be cool that these adults want to see.,These drivers encourage it to be cool that these adults want to see.,syntax_semantics,control_raising,expletive_it_object_raising,True,False,True,False,108,-62.81198501586914,-69.61643981933594,1
Those organizations shouldn't believe it to be not so nice that all dancers break a lot of carriages.,Those organizations entice it to be not so nice that all dancers break a lot of carriages.,syntax_semantics,control_raising,expletive_it_object_raising,True,False,True,False,109,-111.71742248535156,-120.77700805664062,1
Galileo declares it to be not so nice that Marie retaliates.,Galileo compelled it to be not so nice that Marie retaliates.,syntax_semantics,control_raising,expletive_it_object_raising,True,False,True,False,110,-94.56869506835938,-93.98357391357422,0
The child expects it to be not so funny that Galileo declared the patient to whisper.,The child implores it to be not so funny that Galileo declared the patient to whisper.,syntax_semantics,control_raising,expletive_it_object_raising,True,False,True,False,111,-103.45238494873047,-120.7045669555664,1
Tiffany needs it to be not so normal that some cashiers haven't seemed to cope.,Tiffany encourages it to be not so normal that some cashiers haven't seemed to cope.,syntax_semantics,control_raising,expletive_it_object_raising,True,False,True,False,112,-122.79828643798828,-128.92520141601562,1
Gina's hairdressers discovered it to be okay that Tracy chuckled.,Gina's hairdressers commissioned it to be okay that Tracy chuckled.,syntax_semantics,control_raising,expletive_it_object_raising,True,False,True,False,113,-110.34529876708984,-112.19877624511719,1
Victoria was judging it to be not so clear that many patients might move.,Victoria swayed it to be not so clear that many patients might move.,syntax_semantics,control_raising,expletive_it_object_raising,True,False,True,False,114,-78.12152099609375,-80.03102111816406,1
Jill's mentors are discovering it to be noteworthy that Rose sees.,Jill's mentors entice it to be noteworthy that Rose sees.,syntax_semantics,control_raising,expletive_it_object_raising,True,False,True,False,115,-106.83650207519531,-113.82634735107422,1
Many committees weren't expecting it to be not so clear that Veronica copes.,Many committees were prodding it to be not so clear that Veronica copes.,syntax_semantics,control_raising,expletive_it_object_raising,True,False,True,False,116,-91.15518188476562,-107.9674072265625,1
Many brothers of Lisa haven't anticipated it to be good that those pedestrians wouldn't flirt.,Many brothers of Lisa might badger it to be good that those pedestrians wouldn't flirt.,syntax_semantics,control_raising,expletive_it_object_raising,True,False,True,False,117,-109.59175109863281,-120.27725219726562,1
Helen declares it to be pleasant that Leslie hadn't seemed to know Craig.,Helen didn't encourage it to be pleasant that Leslie hadn't seemed to know Craig.,syntax_semantics,control_raising,expletive_it_object_raising,True,False,True,False,118,-97.80984497070312,-97.25759887695312,0
Randolf was declaring it to be bad that Danielle is attempting to appear.,Randolf isn't motivating it to be bad that Danielle is attempting to appear.,syntax_semantics,control_raising,expletive_it_object_raising,True,False,True,False,119,-92.66278839111328,-99.46836853027344,1
Many nephews of Carmen ascertain it to be good that most students had assembled.,Many nephews of Carmen have commissioned it to be good that most students had assembled.,syntax_semantics,control_raising,expletive_it_object_raising,True,False,True,False,120,-109.67768096923828,-110.1649169921875,1
Most nephews of the doctors consider it to be unfortunate that some skirt unfolds.,Most nephews of the doctors spurred it to be unfortunate that some skirt unfolds.,syntax_semantics,control_raising,expletive_it_object_raising,True,False,True,False,121,-94.22076416015625,-105.08943176269531,1
A guy's hairdressers declared it to be surprising that Renee isn't needing Theodore to appreciate Gary.,A guy's hairdressers dare it to be surprising that Renee isn't needing Theodore to appreciate Gary.,syntax_semantics,control_raising,expletive_it_object_raising,True,False,True,False,122,-167.19468688964844,-164.58786010742188,0
Nicole hadn't discovered it to be not so nice that Stephanie doesn't win.,Nicole begged it to be not so nice that Stephanie doesn't win.,syntax_semantics,control_raising,expletive_it_object_raising,True,False,True,False,123,-85.51557159423828,-77.84666442871094,0
That association hadn't needed it to be noteworthy that Patrick skated around that high school.,That association hadn't persuaded it to be noteworthy that Patrick skated around that high school.,syntax_semantics,control_raising,expletive_it_object_raising,True,False,True,False,124,-110.46524047851562,-115.27783203125,1
Monet's oncologists believe it to be worth noting that Rhonda slumps over.,Monet's oncologists do command it to be worth noting that Rhonda slumps over.,syntax_semantics,control_raising,expletive_it_object_raising,True,False,True,False,125,-131.34246826171875,-138.49114990234375,1
Guy's mothers need it to be not so normal that many people conceal some shawls.,Guy's mothers had pressed it to be not so normal that many people conceal some shawls.,syntax_semantics,control_raising,expletive_it_object_raising,True,False,True,False,126,-107.02665710449219,-116.40267181396484,1
Most ladies predict it to be worth saying that most senators conferred.,Most ladies badgered it to be worth saying that most senators conferred.,syntax_semantics,control_raising,expletive_it_object_raising,True,False,True,False,127,-94.35134887695312,-104.8321533203125,1
Phillip hadn't discovered it to be apparent that Travis walked through all libraries.,Phillip couldn't prod it to be apparent that Travis walked through all libraries.,syntax_semantics,control_raising,expletive_it_object_raising,True,False,True,False,128,-101.78025817871094,-110.17540740966797,1
These men believed it to be apparent that steps looked like a lot of prints.,These men prompt it to be apparent that steps looked like a lot of prints.,syntax_semantics,control_raising,expletive_it_object_raising,True,False,True,False,129,-86.6399154663086,-93.83574676513672,1
The daughters of Jill judge it to be not so nice that Susan hadn't forgotten about who hasn't discovered Margaret.,The daughters of Jill are asking it to be not so nice that Susan hadn't forgotten about who hasn't discovered Margaret.,syntax_semantics,control_raising,expletive_it_object_raising,True,False,True,False,130,-138.79122924804688,-142.16421508789062,1
Claire discovered it to be normal that every university won't find out who wastes away.,Claire couldn't persuade it to be normal that every university won't find out who wastes away.,syntax_semantics,control_raising,expletive_it_object_raising,True,False,True,False,131,-105.52831268310547,-114.25248718261719,1
Those sisters of Laura expect it to be acceptable that these teenagers weren't interacting.,Those sisters of Laura push it to be acceptable that these teenagers weren't interacting.,syntax_semantics,control_raising,expletive_it_object_raising,True,False,True,False,132,-97.37275695800781,-101.16563415527344,1
Waitresses had found it to be not so obvious that Marcus learned who wouldn't escape.,Waitresses pressed it to be not so obvious that Marcus learned who wouldn't escape.,syntax_semantics,control_raising,expletive_it_object_raising,True,False,True,False,133,-108.90148162841797,-104.73796081542969,0
This cashier predicted it to be unsuprising that Kristen was cleaning some pictures.,This cashier might persuade it to be unsuprising that Kristen was cleaning some pictures.,syntax_semantics,control_raising,expletive_it_object_raising,True,False,True,False,134,-136.22438049316406,-143.15835571289062,1
Beth's tutor expected it to be surprising that Edward advised those children to arrive at some lakes.,Beth's tutor pressured it to be surprising that Edward advised those children to arrive at some lakes.,syntax_semantics,control_raising,expletive_it_object_raising,True,False,True,False,135,-135.34483337402344,-146.70530700683594,1
A granddaughter of Daniel was needing it to be amusing that Walter can investigate Colleen.,A granddaughter of Daniel won't motivate it to be amusing that Walter can investigate Colleen.,syntax_semantics,control_raising,expletive_it_object_raising,True,False,True,False,136,-132.305419921875,-138.96096801757812,1
Those waiters weren't wanting it to be expected that Kristin explained all women hoped to react.,Those waiters dare it to be expected that Kristin explained all women hoped to react.,syntax_semantics,control_raising,expletive_it_object_raising,True,False,True,False,137,-127.14348602294922,-123.61209106445312,0
Theresa shouldn't anticipate it to be not so amusing that a lot of customers scan reports.,Theresa hadn't persuaded it to be not so amusing that a lot of customers scan reports.,syntax_semantics,control_raising,expletive_it_object_raising,True,False,True,False,138,-114.60050964355469,-109.11155700683594,0
Gina's contractors need it to be fortunate that those universities can't respond.,Gina's contractors couldn't spur it to be fortunate that those universities can't respond.,syntax_semantics,control_raising,expletive_it_object_raising,True,False,True,False,139,-97.98851013183594,-114.19844055175781,1
Carla predicts it to be worth mentioning that Holly has gotten a job.,Carla hasn't induced it to be worth mentioning that Holly has gotten a job.,syntax_semantics,control_raising,expletive_it_object_raising,True,False,True,False,140,-86.26750183105469,-92.6587142944336,1
Alan's hairdressers predict it to be interesting that this eggplant does aggravate that student.,Alan's hairdressers couldn't persuade it to be interesting that this eggplant does aggravate that student.,syntax_semantics,control_raising,expletive_it_object_raising,True,False,True,False,141,-140.6637725830078,-142.55543518066406,1
Stephen hadn't believed it to be not so important that Stephanie does drink.,Stephen wasn't ordering it to be not so important that Stephanie does drink.,syntax_semantics,control_raising,expletive_it_object_raising,True,False,True,False,142,-77.07240295410156,-77.90471649169922,1
Joel is anticipating it to be normal that Florence didn't dare Jesus to talk to Noah.,Joel commands it to be normal that Florence didn't dare Jesus to talk to Noah.,syntax_semantics,control_raising,expletive_it_object_raising,True,False,True,False,143,-118.14607238769531,-110.32289123535156,0
Mitchell needed it to be not so important that Brenda visits Donald.,Mitchell wasn't compelling it to be not so important that Brenda visits Donald.,syntax_semantics,control_raising,expletive_it_object_raising,True,False,True,False,144,-90.49081420898438,-108.50297546386719,1
Scott ascertains it to be not so bad that Sherry hasn't proposed to praise George.,Scott is commanding it to be not so bad that Sherry hasn't proposed to praise George.,syntax_semantics,control_raising,expletive_it_object_raising,True,False,True,False,145,-123.20594787597656,-113.88252258300781,0
Alan has discovered it to be boring that Holly is attacking Katherine.,Alan encourages it to be boring that Holly is attacking Katherine.,syntax_semantics,control_raising,expletive_it_object_raising,True,False,True,False,146,-82.48123168945312,-82.60675811767578,1
Universities had preferred it to be normal that many teenagers collaborated.,Universities tempt it to be normal that many teenagers collaborated.,syntax_semantics,control_raising,expletive_it_object_raising,True,False,True,False,147,-92.93115234375,-91.36400604248047,0
Jacqueline ascertains it to be too bad that Carol regrets Diane was threatening to vanish.,Jacqueline pushes it to be too bad that Carol regrets Diane was threatening to vanish.,syntax_semantics,control_raising,expletive_it_object_raising,True,False,True,False,148,-140.12149047851562,-120.02767944335938,0
Julia predicted it to be not so important that the Borgias are passing a lake.,Julia entreats it to be not so important that the Borgias are passing a lake.,syntax_semantics,control_raising,expletive_it_object_raising,True,False,True,False,149,-101.38462829589844,-114.36041259765625,1
Eric's grandmother would discover it to be not so amusing that George plays.,Eric's grandmother motivates it to be not so amusing that George plays.,syntax_semantics,control_raising,expletive_it_object_raising,True,False,True,False,150,-79.31477355957031,-90.87631225585938,1
The waiter wants it to be unexpected that Tiffany should sing.,The waiter is spurring it to be unexpected that Tiffany should sing.,syntax_semantics,control_raising,expletive_it_object_raising,True,False,True,False,151,-72.63577270507812,-94.79045867919922,1
Ann's wife hasn't discovered it to be worth mentioning that many pants wrinkle.,Ann's wife hasn't required it to be worth mentioning that many pants wrinkle.,syntax_semantics,control_raising,expletive_it_object_raising,True,False,True,False,152,-99.66242980957031,-101.7122802734375,1
Julie has judged it to be acceptable that some actresses think about who retaliates.,Julie prompts it to be acceptable that some actresses think about who retaliates.,syntax_semantics,control_raising,expletive_it_object_raising,True,False,True,False,153,-105.0936508178711,-103.55911254882812,0
Anne was finding it to be unusual that the museums reference Diane.,Anne pressures it to be unusual that the museums reference Diane.,syntax_semantics,control_raising,expletive_it_object_raising,True,False,True,False,154,-78.6091079711914,-82.7838363647461,1
Theses considered it to be sad that these students conceal who compels Caroline's nephew to scare Curtis.,Theses motivate it to be sad that these students conceal who compels Caroline's nephew to scare Curtis.,syntax_semantics,control_raising,expletive_it_object_raising,True,False,True,False,155,-155.08749389648438,-161.27069091796875,1
Ronald wanted it to be strange that Renee has concealed what had reacted.,Ronald had tempted it to be strange that Renee has concealed what had reacted.,syntax_semantics,control_raising,expletive_it_object_raising,True,False,True,False,156,-103.75973510742188,-119.31381225585938,1
Rachelle was anticipating it to be not so bad that that pork is scorching.,Rachelle has ordered it to be not so bad that that pork is scorching.,syntax_semantics,control_raising,expletive_it_object_raising,True,False,True,False,157,-104.76974487304688,-94.60247802734375,0
Winston Churchill considers it to be not so surprising that Allison fell.,Winston Churchill was prompting it to be not so surprising that Allison fell.,syntax_semantics,control_raising,expletive_it_object_raising,True,False,True,False,158,-92.65068817138672,-99.40161895751953,1
The son of Dennis has predicted it to be not so interesting that Randolf commands Danielle to criticize Theresa.,The son of Dennis is spurring it to be not so interesting that Randolf commands Danielle to criticize Theresa.,syntax_semantics,control_raising,expletive_it_object_raising,True,False,True,False,159,-153.18807983398438,-166.7903594970703,1
Clyde hasn't anticipated it to be clear that many patients disagree.,Clyde had induced it to be clear that many patients disagree.,syntax_semantics,control_raising,expletive_it_object_raising,True,False,True,False,160,-98.62446594238281,-97.95706176757812,0
Joel won't find it to be not so weird that Karla had appreciated the pedestrians.,Joel swayed it to be not so weird that Karla had appreciated the pedestrians.,syntax_semantics,control_raising,expletive_it_object_raising,True,False,True,False,161,-105.9057388305664,-110.31181335449219,1
Every girl's grandmothers expect it to be unusual that the Clintons weren't seeing.,Every girl's grandmothers command it to be unusual that the Clintons weren't seeing.,syntax_semantics,control_raising,expletive_it_object_raising,True,False,True,False,162,-100.2525405883789,-106.8314208984375,1
That company hadn't expected it to be unlucky that Daniel is touring most hospitals.,That company advised it to be unlucky that Daniel is touring most hospitals.,syntax_semantics,control_raising,expletive_it_object_raising,True,False,True,False,163,-101.43441772460938,-93.62757873535156,0
Donald's doctors judged it to be amusing that the Borgias require Candice's son to flee from Tiffany.,Donald's doctors encourage it to be amusing that the Borgias require Candice's son to flee from Tiffany.,syntax_semantics,control_raising,expletive_it_object_raising,True,False,True,False,164,-161.82968139648438,-157.54095458984375,0
Some grandfathers of the teenager were expecting it to be unfortunate that this fish bakes.,Some grandfathers of the teenager commission it to be unfortunate that this fish bakes.,syntax_semantics,control_raising,expletive_it_object_raising,True,False,True,False,165,-103.89130401611328,-112.9718017578125,1
Sandra was declaring it to be surprising that some skateboard maneuvers.,Sandra spurs it to be surprising that some skateboard maneuvers.,syntax_semantics,control_raising,expletive_it_object_raising,True,False,True,False,166,-97.71537780761719,-99.01842498779297,1
Some pedestrians were finding it to be nice that these adults happen to break all plates.,Some pedestrians obligate it to be nice that these adults happen to break all plates.,syntax_semantics,control_raising,expletive_it_object_raising,True,False,True,False,167,-92.8290023803711,-101.36372375488281,1
A pedestrian discovers it to be nice that Stephen questions Clyde.,A pedestrian pressed it to be nice that Stephen questions Clyde.,syntax_semantics,control_raising,expletive_it_object_raising,True,False,True,False,168,-99.96293640136719,-100.58439636230469,1
Many organizations wouldn't judge it to be not so weird that Lawrence did distract every waiter.,Many organizations haven't encouraged it to be not so weird that Lawrence did distract every waiter.,syntax_semantics,control_raising,expletive_it_object_raising,True,False,True,False,169,-110.45848083496094,-111.97113037109375,1
Peter predicts it to be unusual that Matt prompts Linda to scream.,Peter isn't requiring it to be unusual that Matt prompts Linda to scream.,syntax_semantics,control_raising,expletive_it_object_raising,True,False,True,False,170,-95.6424560546875,-104.31254577636719,1
Those students believe it to be too bad that these committees push the teenager's teachers to sneeze.,Those students had swayed it to be too bad that these committees push the teenager's teachers to sneeze.,syntax_semantics,control_raising,expletive_it_object_raising,True,False,True,False,171,-117.15763092041016,-132.29446411132812,1
Those grandsons of Kristen might need it to be not so interesting that that screen had disappeared.,Those grandsons of Kristen prod it to be not so interesting that that screen had disappeared.,syntax_semantics,control_raising,expletive_it_object_raising,True,False,True,False,172,-122.59117126464844,-129.31027221679688,1
Guy preferred it to be worth mentioning that these guests had the ice cream.,Guy isn't enticing it to be worth mentioning that these guests had the ice cream.,syntax_semantics,control_raising,expletive_it_object_raising,True,False,True,False,173,-82.580810546875,-97.4388427734375,1
Kimberley does prefer it to be not so amusing that some driver urges Paul to break those glasses.,Kimberley induced it to be not so amusing that some driver urges Paul to break those glasses.,syntax_semantics,control_raising,expletive_it_object_raising,True,False,True,False,174,-135.29893493652344,-133.98321533203125,0
A university was considering it to be apparent that Kevin will swallow.,A university prompts it to be apparent that Kevin will swallow.,syntax_semantics,control_raising,expletive_it_object_raising,True,False,True,False,175,-92.74800109863281,-97.07251739501953,1
Marcus was preferring it to be not so nice that Keith washes.,Marcus induced it to be not so nice that Keith washes.,syntax_semantics,control_raising,expletive_it_object_raising,True,False,True,False,176,-82.37736511230469,-75.92430114746094,0
Lawrence should believe it to be not so surprising that Bill wasn't laughing.,Lawrence does obligate it to be not so surprising that Bill wasn't laughing.,syntax_semantics,control_raising,expletive_it_object_raising,True,False,True,False,177,-81.23908233642578,-92.36700439453125,1
Gary couldn't believe it to be unusual that Lori does say some steak scorches.,Gary hasn't motivated it to be unusual that Lori does say some steak scorches.,syntax_semantics,control_raising,expletive_it_object_raising,True,False,True,False,178,-106.96096801757812,-114.35116577148438,1
The university is needing it to be expected that Jacqueline has escaped.,The university doesn't beg it to be expected that Jacqueline has escaped.,syntax_semantics,control_raising,expletive_it_object_raising,True,False,True,False,179,-78.14091491699219,-84.40901947021484,1
Samuel couldn't want it to be acceptable that the Clintons advise drivers' senator to sigh.,Samuel is pressuring it to be acceptable that the Clintons advise drivers' senator to sigh.,syntax_semantics,control_raising,expletive_it_object_raising,True,False,True,False,180,-124.81240844726562,-135.13475036621094,1
Sara anticipates it to be boring that some adults have dated.,Sara ordered it to be boring that some adults have dated.,syntax_semantics,control_raising,expletive_it_object_raising,True,False,True,False,181,-90.69883728027344,-70.82443237304688,0
Becca is expecting it to be unlucky that Ellen protested.,Becca hasn't badgered it to be unlucky that Ellen protested.,syntax_semantics,control_raising,expletive_it_object_raising,True,False,True,False,182,-68.12265014648438,-92.53294372558594,1
Some cashier has considered it to be amusing that Curtis needs to sound like Eric.,Some cashier obligates it to be amusing that Curtis needs to sound like Eric.,syntax_semantics,control_raising,expletive_it_object_raising,True,False,True,False,183,-103.10169982910156,-111.298583984375,1
Some driver couldn't ascertain it to be natural that Stephen has believed Valerie to scan the movie.,Some driver persuaded it to be natural that Stephen has believed Valerie to scan the movie.,syntax_semantics,control_raising,expletive_it_object_raising,True,False,True,False,184,-124.85033416748047,-112.5704574584961,0
Karla considers it to be clear that some bike was steering.,Karla obliged it to be clear that some bike was steering.,syntax_semantics,control_raising,expletive_it_object_raising,True,False,True,False,185,-77.9236831665039,-83.39775085449219,1
Diane predicts it to be not so interesting that some organization worried.,Diane could entreat it to be not so interesting that some organization worried.,syntax_semantics,control_raising,expletive_it_object_raising,True,False,True,False,186,-86.29938507080078,-98.23464965820312,1
Jeffrey's sisters discovered it to be odd that the screens brighten.,Jeffrey's sisters require it to be odd that the screens brighten.,syntax_semantics,control_raising,expletive_it_object_raising,True,False,True,False,187,-93.07151794433594,-91.1802978515625,0
Jennifer finds it to be okay that Keith referenced Sara.,Jennifer is advising it to be okay that Keith referenced Sara.,syntax_semantics,control_raising,expletive_it_object_raising,True,False,True,False,188,-72.22667694091797,-83.12762451171875,1
A pedestrian wants it to be not so pleasant that some hospital benefited.,A pedestrian is entreating it to be not so pleasant that some hospital benefited.,syntax_semantics,control_raising,expletive_it_object_raising,True,False,True,False,189,-91.53594970703125,-110.91043090820312,1
Kenneth might predict it to be odd that that eggplant has ripened.,Kenneth does prompt it to be odd that that eggplant has ripened.,syntax_semantics,control_raising,expletive_it_object_raising,True,False,True,False,190,-118.57765197753906,-124.5658950805664,1
Many mothers of Nicole find it to be not so obvious that a lot of drivers prefer Paula to bike to this mountain.,Many mothers of Nicole are badgering it to be not so obvious that a lot of drivers prefer Paula to bike to this mountain.,syntax_semantics,control_raising,expletive_it_object_raising,True,False,True,False,191,-149.45449829101562,-176.53225708007812,1
Every teacher does need it to be okay that a plane turns.,Every teacher asks it to be okay that a plane turns.,syntax_semantics,control_raising,expletive_it_object_raising,True,False,True,False,192,-69.98471069335938,-63.66876983642578,0
That company discovers it to be not so normal that Susan was sitting down.,That company obligates it to be not so normal that Susan was sitting down.,syntax_semantics,control_raising,expletive_it_object_raising,True,False,True,False,193,-83.131103515625,-93.62779235839844,1
Ronald hasn't judged it to be weird that the waitresses approved.,Ronald persuades it to be weird that the waitresses approved.,syntax_semantics,control_raising,expletive_it_object_raising,True,False,True,False,194,-92.34349822998047,-101.95366668701172,1
Anne considered it to be not so surprising that Bruce benefits.,Anne hadn't spurred it to be not so surprising that Bruce benefits.,syntax_semantics,control_raising,expletive_it_object_raising,True,False,True,False,195,-66.13450622558594,-83.68276977539062,1
Andrew has needed it to be funny that many lakes froze.,Andrew doesn't force it to be funny that many lakes froze.,syntax_semantics,control_raising,expletive_it_object_raising,True,False,True,False,196,-66.54777526855469,-65.82510375976562,0
Stephen needs it to be not so amusing that Valerie wanted to nod.,Stephen can spur it to be not so amusing that Valerie wanted to nod.,syntax_semantics,control_raising,expletive_it_object_raising,True,False,True,False,197,-77.28833770751953,-94.89640808105469,1
This teenager is finding it to be not so pleasant that the planes roll.,This teenager had advised it to be not so pleasant that the planes roll.,syntax_semantics,control_raising,expletive_it_object_raising,True,False,True,False,198,-81.78672790527344,-87.31080627441406,1
Curtis needed it to be unexpected that those schools consider Lisa to like Tara.,Curtis was commanding it to be unexpected that those schools consider Lisa to like Tara.,syntax_semantics,control_raising,expletive_it_object_raising,True,False,True,False,199,-117.09744262695312,-129.72247314453125,1
The Lutherans haven't found it to be unlucky that Bill is bothering most universities.,The Lutherans oblige it to be unlucky that Bill is bothering most universities.,syntax_semantics,control_raising,expletive_it_object_raising,True,False,True,False,200,-102.15104675292969,-117.57893371582031,1
Some actress's boyfriend hasn't preferred it to be obvious that this popsicle can melt.,Some actress's boyfriend orders it to be obvious that this popsicle can melt.,syntax_semantics,control_raising,expletive_it_object_raising,True,False,True,False,201,-111.99847412109375,-111.99285888671875,0
The cashier's employees need it to be strange that some convertible steers.,The cashier's employees had advised it to be strange that some convertible steers.,syntax_semantics,control_raising,expletive_it_object_raising,True,False,True,False,202,-102.79688262939453,-111.7052001953125,1
Michael's son has wanted it to be not so pleasant that Stephanie won't command Jill to murmur.,Michael's son was asking it to be not so pleasant that Stephanie won't command Jill to murmur.,syntax_semantics,control_raising,expletive_it_object_raising,True,False,True,False,203,-126.68203735351562,-126.59309387207031,0
These pedestrians expect it to be unpleasant that Gina wasn't concealing who isn't regretting that adult was watching Kevin.,These pedestrians would pressure it to be unpleasant that Gina wasn't concealing who isn't regretting that adult was watching Kevin.,syntax_semantics,control_raising,expletive_it_object_raising,True,False,True,False,204,-171.152587890625,-181.90084838867188,1
Donald's colleagues find it to be unlucky that Wendy works hard.,Donald's colleagues motivate it to be unlucky that Wendy works hard.,syntax_semantics,control_raising,expletive_it_object_raising,True,False,True,False,205,-75.59451293945312,-84.25238037109375,1
Those theses judge it to be not so nice that a lot of skirts warp.,Those theses won't command it to be not so nice that a lot of skirts warp.,syntax_semantics,control_raising,expletive_it_object_raising,True,False,True,False,206,-101.58350372314453,-107.902587890625,1
Diane wanted it to be okay that the Clintons regret eggplants haven't burned.,Diane might advise it to be okay that the Clintons regret eggplants haven't burned.,syntax_semantics,control_raising,expletive_it_object_raising,True,False,True,False,207,-126.0289077758789,-140.62554931640625,1
Sally judges it to be not so bad that all apples were growing.,Sally is urging it to be not so bad that all apples were growing.,syntax_semantics,control_raising,expletive_it_object_raising,True,False,True,False,208,-87.0733642578125,-90.16515350341797,1
Larry's grandson is finding it to be not so normal that Kayla does watch William.,Larry's grandson motivated it to be not so normal that Kayla does watch William.,syntax_semantics,control_raising,expletive_it_object_raising,True,False,True,False,209,-103.8454818725586,-107.97600555419922,1
Tina won't judge it to be apparent that many cucumbers had charred.,Tina tempts it to be apparent that many cucumbers had charred.,syntax_semantics,control_raising,expletive_it_object_raising,True,False,True,False,210,-113.50456237792969,-118.07190704345703,1
Danielle isn't declaring it to be lucky that a lot of teenagers have clashed.,Danielle might prod it to be lucky that a lot of teenagers have clashed.,syntax_semantics,control_raising,expletive_it_object_raising,True,False,True,False,211,-95.40349578857422,-97.84193420410156,1
Martha finds it to be uninteresting that Scott was regretting these guys refuse to upset Mitchell.,Martha is ordering it to be uninteresting that Scott was regretting these guys refuse to upset Mitchell.,syntax_semantics,control_raising,expletive_it_object_raising,True,False,True,False,212,-140.3144989013672,-148.54000854492188,1
Aaron finds it to be unsuprising that Nancy tours many mountains.,Aaron hasn't entreated it to be unsuprising that Nancy tours many mountains.,syntax_semantics,control_raising,expletive_it_object_raising,True,False,True,False,213,-108.30836486816406,-137.76168823242188,1
Lisa should want it to be not so nice that Kristin expected Victoria to cry.,Lisa entices it to be not so nice that Kristin expected Victoria to cry.,syntax_semantics,control_raising,expletive_it_object_raising,True,False,True,False,214,-99.43710327148438,-112.41661071777344,1
Jane judges it to be worth mentioning that Kenneth thinks about those eggplants.,Jane required it to be worth mentioning that Kenneth thinks about those eggplants.,syntax_semantics,control_raising,expletive_it_object_raising,True,False,True,False,215,-109.81927490234375,-105.59627532958984,0
A lot of guests want it to be fortunate that Colleen wasn't investigating a waiter.,A lot of guests are urging it to be fortunate that Colleen wasn't investigating a waiter.,syntax_semantics,control_raising,expletive_it_object_raising,True,False,True,False,216,-111.07771301269531,-121.71986389160156,1
Claire's boyfriend prefers it to be not so nice that this doctor hopes to resemble those photographs.,Claire's boyfriend asked it to be not so nice that this doctor hopes to resemble those photographs.,syntax_semantics,control_raising,expletive_it_object_raising,True,False,True,False,217,-121.31452941894531,-113.16375732421875,0
Janice's partners are expecting it to be fortunate that those shawls warp.,Janice's partners weren't forcing it to be fortunate that those shawls warp.,syntax_semantics,control_raising,expletive_it_object_raising,True,False,True,False,218,-106.48677825927734,-117.11685180664062,1
Barbara preferred it to be worth saying that Amelia hasn't disliked Pamela.,Barbara tempts it to be worth saying that Amelia hasn't disliked Pamela.,syntax_semantics,control_raising,expletive_it_object_raising,True,False,True,False,219,-101.29422760009766,-110.1934585571289,1
James preferred it to be unsuprising that all drivers cough.,James should compel it to be unsuprising that all drivers cough.,syntax_semantics,control_raising,expletive_it_object_raising,True,False,True,False,220,-100.26637268066406,-113.27979278564453,1
Some nieces of some actress need it to be unpleasant that these wheelbarrows steer.,Some nieces of some actress can entreat it to be unpleasant that these wheelbarrows steer.,syntax_semantics,control_raising,expletive_it_object_raising,True,False,True,False,221,-138.4645538330078,-153.269287109375,1
Those universities aren't finding it to be unfortunate that some mirror shatters.,Those universities shouldn't pressure it to be unfortunate that some mirror shatters.,syntax_semantics,control_raising,expletive_it_object_raising,True,False,True,False,222,-87.2503890991211,-97.67158508300781,1
The Borgias consider it to be nice that the Borgias talk to Galileo.,The Borgias wouldn't force it to be nice that the Borgias talk to Galileo.,syntax_semantics,control_raising,expletive_it_object_raising,True,False,True,False,223,-115.83838653564453,-122.37065124511719,1
Patrick believes it to be not so obvious that Eva thinks about who compel Cynthia to aggravate Eric.,Patrick begged it to be not so obvious that Eva thinks about who compel Cynthia to aggravate Eric.,syntax_semantics,control_raising,expletive_it_object_raising,True,False,True,False,224,-147.9808349609375,-147.7197265625,0
Paula did judge it to be odd that Cynthia hasn't practiced.,Paula had obligated it to be odd that Cynthia hasn't practiced.,syntax_semantics,control_raising,expletive_it_object_raising,True,False,True,False,225,-83.25312805175781,-87.38001251220703,1
These cousins of Martha find it to be too bad that some jacket hadn't soaked.,These cousins of Martha commissioned it to be too bad that some jacket hadn't soaked.,syntax_semantics,control_raising,expletive_it_object_raising,True,False,True,False,226,-105.90167236328125,-109.33831787109375,1
Some ladies haven't needed it to be pleasant that Roger has commanded Rachel to investigate Cheryl.,Some ladies don't order it to be pleasant that Roger has commanded Rachel to investigate Cheryl.,syntax_semantics,control_raising,expletive_it_object_raising,True,False,True,False,227,-123.8996810913086,-121.78239440917969,0
Those waiters had predicted it to be worth noting that an icicle had scared Amelia.,Those waiters didn't pressure it to be worth noting that an icicle had scared Amelia.,syntax_semantics,control_raising,expletive_it_object_raising,True,False,True,False,228,-128.44598388671875,-132.86154174804688,1
Marla expected it to be too bad that Stacey was enticing Mary's contractor to sound like Carl.,Marla has spurred it to be too bad that Stacey was enticing Mary's contractor to sound like Carl.,syntax_semantics,control_raising,expletive_it_object_raising,True,False,True,False,229,-138.36477661132812,-154.51487731933594,1
Russell prefers it to be not so surprising that Monet appeared to slump over.,Russell had obligated it to be not so surprising that Monet appeared to slump over.,syntax_semantics,control_raising,expletive_it_object_raising,True,False,True,False,230,-110.5459213256836,-119.23670196533203,1
Many daughters of Irene needed it to be nice that Curtis gets fired.,Many daughters of Irene should beg it to be nice that Curtis gets fired.,syntax_semantics,control_raising,expletive_it_object_raising,True,False,True,False,231,-91.725341796875,-100.55084228515625,1
The sisters of Liam were preferring it to be not so amusing that Rose neglects to fall asleep.,The sisters of Liam haven't convinced it to be not so amusing that Rose neglects to fall asleep.,syntax_semantics,control_raising,expletive_it_object_raising,True,False,True,False,232,-132.23336791992188,-131.87539672851562,0
Angela prefers it to be not so obvious that Janet isn't writing.,Angela asked it to be not so obvious that Janet isn't writing.,syntax_semantics,control_raising,expletive_it_object_raising,True,False,True,False,233,-81.28895568847656,-74.20331573486328,0
Emily hadn't ascertained it to be worth mentioning that Monica could tour the grocery store.,Emily shouldn't urge it to be worth mentioning that Monica could tour the grocery store.,syntax_semantics,control_raising,expletive_it_object_raising,True,False,True,False,234,-127.3359603881836,-107.62623596191406,0
Samuel declared it to be not so nice that Julia was proposing to protest.,Samuel wasn't spurring it to be not so nice that Julia was proposing to protest.,syntax_semantics,control_raising,expletive_it_object_raising,True,False,True,False,235,-91.13087463378906,-111.53572082519531,1
The cashier wanted it to be weird that many gates shut.,The cashier urged it to be weird that many gates shut.,syntax_semantics,control_raising,expletive_it_object_raising,True,False,True,False,236,-79.25170135498047,-87.02623748779297,1
Banks need it to be not so amusing that Homer tours every closet.,Banks begged it to be not so amusing that Homer tours every closet.,syntax_semantics,control_raising,expletive_it_object_raising,True,False,True,False,237,-107.3050537109375,-112.62419128417969,1
The Impressionists do expect it to be expected that those unicycles accelerate.,The Impressionists were urging it to be expected that those unicycles accelerate.,syntax_semantics,control_raising,expletive_it_object_raising,True,False,True,False,238,-114.95711517333984,-122.99090576171875,1
Erin hasn't preferred it to be normal that most actresses dislike Tina.,Erin would pressure it to be normal that most actresses dislike Tina.,syntax_semantics,control_raising,expletive_it_object_raising,True,False,True,False,239,-90.20596313476562,-92.05558776855469,1
Kimberley might ascertain it to be strange that Heidi hadn't saluted.,Kimberley ordered it to be strange that Heidi hadn't saluted.,syntax_semantics,control_raising,expletive_it_object_raising,True,False,True,False,240,-103.96534729003906,-87.95468139648438,0
Vincent's hairdresser finds it to be apparent that Kathleen wouldn't appear to practice.,Vincent's hairdresser required it to be apparent that Kathleen wouldn't appear to practice.,syntax_semantics,control_raising,expletive_it_object_raising,True,False,True,False,241,-121.5531005859375,-123.73603820800781,1
Bradley wants it to be nice that those forks aggravate Theresa.,Bradley isn't persuading it to be nice that those forks aggravate Theresa.,syntax_semantics,control_raising,expletive_it_object_raising,True,False,True,False,242,-82.66694641113281,-114.42567443847656,1
Bethany's friend can anticipate it to be uninteresting that some cilantro has ripened.,Bethany's friend dares it to be uninteresting that some cilantro has ripened.,syntax_semantics,control_raising,expletive_it_object_raising,True,False,True,False,243,-160.01461791992188,-157.9003448486328,0
Alice had predicted it to be natural that a lot of universities clash.,Alice is convincing it to be natural that a lot of universities clash.,syntax_semantics,control_raising,expletive_it_object_raising,True,False,True,False,244,-76.375244140625,-81.38368225097656,1
Waitresses declare it to be not so interesting that a patient can't cure Naomi.,Waitresses will spur it to be not so interesting that a patient can't cure Naomi.,syntax_semantics,control_raising,expletive_it_object_raising,True,False,True,False,245,-103.73550415039062,-109.50223541259766,1
Sharon's oncologist judged it to be not so important that this shawl did wrinkle.,Sharon's oncologist has persuaded it to be not so important that this shawl did wrinkle.,syntax_semantics,control_raising,expletive_it_object_raising,True,False,True,False,246,-138.74752807617188,-139.17132568359375,1
The boy's sons expect it to be pleasant that Anne did induce Judy to hide Beth.,The boy's sons urge it to be pleasant that Anne did induce Judy to hide Beth.,syntax_semantics,control_raising,expletive_it_object_raising,True,False,True,False,247,-122.73333740234375,-127.02204895019531,1
Ronald's dentist ascertains it to be not so bad that some cashiers were profiting.,Ronald's dentist forces it to be not so bad that some cashiers were profiting.,syntax_semantics,control_raising,expletive_it_object_raising,True,False,True,False,248,-136.9613800048828,-125.11137390136719,0
Chad wasn't expecting it to be unfortunate that Katherine happens to play.,Chad would compel it to be unfortunate that Katherine happens to play.,syntax_semantics,control_raising,expletive_it_object_raising,True,False,True,False,249,-81.4349594116211,-92.55375671386719,1
Bruce discovered it to be a shame that Heidi telephoned.,Bruce had entreated it to be a shame that Heidi telephoned.,syntax_semantics,control_raising,expletive_it_object_raising,True,False,True,False,250,-74.38552856445312,-99.86662292480469,1
George's grandfather ascertains it to be apparent that these women might correspond.,George's grandfather can compel it to be apparent that these women might correspond.,syntax_semantics,control_raising,expletive_it_object_raising,True,False,True,False,251,-103.08792114257812,-95.76744079589844,0
Omar considered it to be sad that Amanda criticized John.,Omar pressured it to be sad that Amanda criticized John.,syntax_semantics,control_raising,expletive_it_object_raising,True,False,True,False,252,-79.84243774414062,-88.10646057128906,1
Carolyn would predict it to be amusing that Gregory littered.,Carolyn commissions it to be amusing that Gregory littered.,syntax_semantics,control_raising,expletive_it_object_raising,True,False,True,False,253,-85.01554870605469,-86.77906036376953,1
The senator declares it to be strange that that ice condensed.,The senator wasn't compelling it to be strange that that ice condensed.,syntax_semantics,control_raising,expletive_it_object_raising,True,False,True,False,254,-84.05162811279297,-90.36054992675781,1
Brian finds it to be good that Grace talked about Valerie.,Brian should compel it to be good that Grace talked about Valerie.,syntax_semantics,control_raising,expletive_it_object_raising,True,False,True,False,255,-63.243682861328125,-83.24577331542969,1
Some men's partner was judging it to be unexpected that Tracy can't predict Candice to talk about these guests.,Some men's partner wasn't enticing it to be unexpected that Tracy can't predict Candice to talk about these guests.,syntax_semantics,control_raising,expletive_it_object_raising,True,False,True,False,256,-141.01419067382812,-154.5723876953125,1
A lot of women wanted it to be not so amusing that Frank embarrassed Kathleen.,A lot of women advise it to be not so amusing that Frank embarrassed Kathleen.,syntax_semantics,control_raising,expletive_it_object_raising,True,False,True,False,257,-101.68668365478516,-107.55548095703125,1
Roger couldn't discover it to be amusing that the carriages weren't turning.,Roger had swayed it to be amusing that the carriages weren't turning.,syntax_semantics,control_raising,expletive_it_object_raising,True,False,True,False,258,-84.96104431152344,-88.81765747070312,1
Caroline wants it to be important that the governments bothered to debate.,Caroline commissions it to be important that the governments bothered to debate.,syntax_semantics,control_raising,expletive_it_object_raising,True,False,True,False,259,-74.96024322509766,-85.72953796386719,1
Every friend of Sandra judges it to be cool that that cart is maneuvering.,Every friend of Sandra compels it to be cool that that cart is maneuvering.,syntax_semantics,control_raising,expletive_it_object_raising,True,False,True,False,260,-108.66585540771484,-109.4483642578125,1
Theresa had wanted it to be natural that Kevin didn't force Gina to play.,Theresa prompted it to be natural that Kevin didn't force Gina to play.,syntax_semantics,control_raising,expletive_it_object_raising,True,False,True,False,261,-98.31092834472656,-99.24681854248047,1
Kimberley wants it to be noteworthy that every carriage rolls.,Kimberley had convinced it to be noteworthy that every carriage rolls.,syntax_semantics,control_raising,expletive_it_object_raising,True,False,True,False,262,-79.54978942871094,-89.79911041259766,1
Tonya's guest predicted it to be not so interesting that this dancer had arrived at the hospitals.,Tonya's guest advised it to be not so interesting that this dancer had arrived at the hospitals.,syntax_semantics,control_raising,expletive_it_object_raising,True,False,True,False,263,-112.3893814086914,-110.9801254272461,0
Stacey should expect it to be natural that a lot of bicycles stopped.,Stacey had persuaded it to be natural that a lot of bicycles stopped.,syntax_semantics,control_raising,expletive_it_object_raising,True,False,True,False,264,-88.90237426757812,-92.84003448486328,1
Some organizations had declared it to be not so amusing that this unicycle turns.,Some organizations motivate it to be not so amusing that this unicycle turns.,syntax_semantics,control_raising,expletive_it_object_raising,True,False,True,False,265,-96.9468994140625,-96.98115539550781,1
Diana did consider it to be natural that Amanda isn't blinking.,Diana urges it to be natural that Amanda isn't blinking.,syntax_semantics,control_raising,expletive_it_object_raising,True,False,True,False,266,-91.70828247070312,-92.85662841796875,1
Veronica can find it to be funny that a hat soaked.,Veronica wasn't obliging it to be funny that a hat soaked.,syntax_semantics,control_raising,expletive_it_object_raising,True,False,True,False,267,-68.52250671386719,-86.95054626464844,1
Stephanie ascertained it to be worth noting that a mall hadn't scared Russell.,Stephanie asked it to be worth noting that a mall hadn't scared Russell.,syntax_semantics,control_raising,expletive_it_object_raising,True,False,True,False,268,-121.57205200195312,-98.86829376220703,0
Many pedestrians were expecting it to be not so obvious that some rice hasn't appeared.,Many pedestrians are forcing it to be not so obvious that some rice hasn't appeared.,syntax_semantics,control_raising,expletive_it_object_raising,True,False,True,False,269,-89.94207763671875,-91.95234680175781,1
A lot of theses couldn't ascertain it to be not so pleasant that Monica drank.,A lot of theses advise it to be not so pleasant that Monica drank.,syntax_semantics,control_raising,expletive_it_object_raising,True,False,True,False,270,-112.92863464355469,-102.34030151367188,0
Some boys can't consider it to be not so good that this window won't distract Frank.,Some boys were entreating it to be not so good that this window won't distract Frank.,syntax_semantics,control_raising,expletive_it_object_raising,True,False,True,False,271,-98.47221374511719,-114.89839935302734,1
The Borgias' colleagues found it to be unfortunate that a lot of committees weren't yearning to argue.,The Borgias' colleagues are pressing it to be unfortunate that a lot of committees weren't yearning to argue.,syntax_semantics,control_raising,expletive_it_object_raising,True,False,True,False,272,-142.62716674804688,-148.84329223632812,1
Erin's boyfriend predicts it to be sad that the coat folds.,Erin's boyfriend had begged it to be sad that the coat folds.,syntax_semantics,control_raising,expletive_it_object_raising,True,False,True,False,273,-88.54342651367188,-88.63599395751953,1
Edward preferred it to be nice that Kayla sneezes.,Edward hasn't convinced it to be nice that Kayla sneezes.,syntax_semantics,control_raising,expletive_it_object_raising,True,False,True,False,274,-81.80596923828125,-87.20870971679688,1
Lissa's ex-husband doesn't consider it to be not so good that this legislature communicated.,Lissa's ex-husband pressured it to be not so good that this legislature communicated.,syntax_semantics,control_raising,expletive_it_object_raising,True,False,True,False,275,-105.49968719482422,-113.67727661132812,1
Wayne hasn't predicted it to be unpleasant that the Lutherans discover Wendy.,Wayne begs it to be unpleasant that the Lutherans discover Wendy.,syntax_semantics,control_raising,expletive_it_object_raising,True,False,True,False,276,-112.52314758300781,-107.68634033203125,0
James believed it to be lucky that every shoe stretched.,James would entreat it to be lucky that every shoe stretched.,syntax_semantics,control_raising,expletive_it_object_raising,True,False,True,False,277,-67.00433349609375,-82.72769165039062,1
Christopher ascertains it to be worth saying that those ladies have baked.,Christopher isn't commissioning it to be worth saying that those ladies have baked.,syntax_semantics,control_raising,expletive_it_object_raising,True,False,True,False,278,-90.53457641601562,-91.07179260253906,1
Lisa's lawyers haven't ascertained it to be not so obvious that many teachers conceal some casserole.,Lisa's lawyers are persuading it to be not so obvious that many teachers conceal some casserole.,syntax_semantics,control_raising,expletive_it_object_raising,True,False,True,False,279,-150.1207275390625,-141.79087829589844,0
A lot of teachers consider it to be natural that this customer did worry every legislature.,A lot of teachers were begging it to be natural that this customer did worry every legislature.,syntax_semantics,control_raising,expletive_it_object_raising,True,False,True,False,280,-115.52081298828125,-123.58667755126953,1
Every child's doctors considered it to be obvious that the customers fix a wheelbarrow.,Every child's doctors are convincing it to be obvious that the customers fix a wheelbarrow.,syntax_semantics,control_raising,expletive_it_object_raising,True,False,True,False,281,-112.95851135253906,-122.85502624511719,1
Peter shouldn't anticipate it to be normal that those customers won't hug.,Peter prods it to be normal that those customers won't hug.,syntax_semantics,control_raising,expletive_it_object_raising,True,False,True,False,282,-86.44073486328125,-86.48551940917969,1
Helen was expecting it to be not so weird that this lake wasn't evaporating.,Helen wasn't pressuring it to be not so weird that this lake wasn't evaporating.,syntax_semantics,control_raising,expletive_it_object_raising,True,False,True,False,283,-88.6055908203125,-106.95433044433594,1
Connie doesn't anticipate it to be interesting that Dennis knows who astound those men.,Connie does advise it to be interesting that Dennis knows who astound those men.,syntax_semantics,control_raising,expletive_it_object_raising,True,False,True,False,284,-106.89810943603516,-104.36859130859375,0
Randolf needs it to be not so bad that some waitresses yawn.,Randolf required it to be not so bad that some waitresses yawn.,syntax_semantics,control_raising,expletive_it_object_raising,True,False,True,False,285,-96.8619384765625,-102.71831512451172,1
Many women judge it to be worth mentioning that Rachel doesn't threaten to kiss Barbara.,Many women are asking it to be worth mentioning that Rachel doesn't threaten to kiss Barbara.,syntax_semantics,control_raising,expletive_it_object_raising,True,False,True,False,286,-111.67606353759766,-105.58546447753906,0
This child ascertained it to be worth noting that Timothy found those boys to embrace.,This child hadn't obligated it to be worth noting that Timothy found those boys to embrace.,syntax_semantics,control_raising,expletive_it_object_raising,True,False,True,False,287,-125.61597442626953,-121.4698486328125,0
Jacqueline's partner is anticipating it to be unpleasant that Michael shrugged.,Jacqueline's partner had induced it to be unpleasant that Michael shrugged.,syntax_semantics,control_raising,expletive_it_object_raising,True,False,True,False,288,-103.85543823242188,-97.86844635009766,0
Every senator's teachers do consider it to be boring that these adults had bought a cat.,Every senator's teachers haven't tempted it to be boring that these adults had bought a cat.,syntax_semantics,control_raising,expletive_it_object_raising,True,False,True,False,289,-98.10478973388672,-106.80854797363281,1
Lawrence has found it to be lucky that a lot of books disgust Tracy.,Lawrence dared it to be lucky that a lot of books disgust Tracy.,syntax_semantics,control_raising,expletive_it_object_raising,True,False,True,False,290,-87.19020080566406,-86.27558135986328,0
A lot of patients haven't anticipated it to be strange that the Clintons kissed.,A lot of patients force it to be strange that the Clintons kissed.,syntax_semantics,control_raising,expletive_it_object_raising,True,False,True,False,291,-102.13117980957031,-90.79080200195312,0
Those people believe it to be not so bad that Wendy wasn't imploring Natalie to exit that high school.,Those people hadn't enticed it to be not so bad that Wendy wasn't imploring Natalie to exit that high school.,syntax_semantics,control_raising,expletive_it_object_raising,True,False,True,False,292,-121.64794921875,-146.87811279296875,1
Analyses do discover it to be too bad that Derek discusses Kayla.,Analyses commission it to be too bad that Derek discusses Kayla.,syntax_semantics,control_raising,expletive_it_object_raising,True,False,True,False,293,-106.4845962524414,-102.96562957763672,0
Kevin had discovered it to be bad that the guest hadn't noticed the eggplant.,Kevin forces it to be bad that the guest hadn't noticed the eggplant.,syntax_semantics,control_raising,expletive_it_object_raising,True,False,True,False,294,-96.30855560302734,-98.8591079711914,1
Those cousins of Margaret prefer it to be too bad that many waiters retaliated.,Those cousins of Margaret are commissioning it to be too bad that many waiters retaliated.,syntax_semantics,control_raising,expletive_it_object_raising,True,False,True,False,295,-114.16045379638672,-134.7109375,1
Sonia should need it to be nice that Barbara appears to insult Elaine.,Sonia isn't requiring it to be nice that Barbara appears to insult Elaine.,syntax_semantics,control_raising,expletive_it_object_raising,True,False,True,False,296,-101.01524353027344,-111.89141082763672,1
Judy believes it to be worth noting that some casseroles blacken.,Judy prods it to be worth noting that some casseroles blacken.,syntax_semantics,control_raising,expletive_it_object_raising,True,False,True,False,297,-100.46626281738281,-116.74939727783203,1
Irene has considered it to be unlucky that these men hugged.,Irene prompted it to be unlucky that these men hugged.,syntax_semantics,control_raising,expletive_it_object_raising,True,False,True,False,298,-80.53706359863281,-80.44664001464844,0
All organizations needed it to be uninteresting that Rachelle wasn't scratching.,All organizations can prod it to be uninteresting that Rachelle wasn't scratching.,syntax_semantics,control_raising,expletive_it_object_raising,True,False,True,False,299,-98.93441772460938,-113.12533569335938,1
Angela's electricians expected it to be a shame that Ruth was concealing what has fallen.,Angela's electricians are pressuring it to be a shame that Ruth was concealing what has fallen.,syntax_semantics,control_raising,expletive_it_object_raising,True,False,True,False,300,-131.0924835205078,-143.8671875,1
Lawrence discovered it to be not so obvious that Sarah is screaming.,Lawrence urged it to be not so obvious that Sarah is screaming.,syntax_semantics,control_raising,expletive_it_object_raising,True,False,True,False,301,-76.26728820800781,-76.98994445800781,1
Emily's doctor might discover it to be not so normal that every teenager can't murmur.,Emily's doctor can spur it to be not so normal that every teenager can't murmur.,syntax_semantics,control_raising,expletive_it_object_raising,True,False,True,False,302,-119.66934204101562,-123.17250061035156,1
Every library isn't discovering it to be natural that Amanda is ordering some woman to change.,Every library induces it to be natural that Amanda is ordering some woman to change.,syntax_semantics,control_raising,expletive_it_object_raising,True,False,True,False,303,-109.49152374267578,-106.7214126586914,0
Ella's friends hadn't believed it to be unsuprising that some car hasn't stopped.,Ella's friends convince it to be unsuprising that some car hasn't stopped.,syntax_semantics,control_raising,expletive_it_object_raising,True,False,True,False,304,-130.33038330078125,-122.55072784423828,0
Andrea wants it to be worth noting that Larry wouldn't practice.,Andrea will commission it to be worth noting that Larry wouldn't practice.,syntax_semantics,control_raising,expletive_it_object_raising,True,False,True,False,305,-78.86658477783203,-92.98499298095703,1
The lady wasn't expecting it to be not so good that Thomas sells every sock.,The lady doesn't badger it to be not so good that Thomas sells every sock.,syntax_semantics,control_raising,expletive_it_object_raising,True,False,True,False,306,-89.60975646972656,-106.05570983886719,1
A lot of actors' ex-girlfriends aren't discovering it to be unpleasant that Frank had played.,A lot of actors' ex-girlfriends couldn't convince it to be unpleasant that Frank had played.,syntax_semantics,control_raising,expletive_it_object_raising,True,False,True,False,307,-135.69403076171875,-132.7331085205078,0
Those museums hadn't ascertained it to be not so amusing that Christine won't appear.,Those museums shouldn't urge it to be not so amusing that Christine won't appear.,syntax_semantics,control_raising,expletive_it_object_raising,True,False,True,False,308,-117.81065368652344,-97.56431579589844,0
Daniel doesn't find it to be not so surprising that Samuel discusses these people.,Daniel hadn't obliged it to be not so surprising that Samuel discusses these people.,syntax_semantics,control_raising,expletive_it_object_raising,True,False,True,False,309,-79.52867126464844,-96.12120819091797,1
Marie's wife predicts it to be amusing that Caroline hopes to compromise.,Marie's wife couldn't obligate it to be amusing that Caroline hopes to compromise.,syntax_semantics,control_raising,expletive_it_object_raising,True,False,True,False,310,-95.73483276367188,-103.46572875976562,1
Jill isn't expecting it to be cool that carts turn.,Jill will beg it to be cool that carts turn.,syntax_semantics,control_raising,expletive_it_object_raising,True,False,True,False,311,-82.98422241210938,-84.87967681884766,1
Victoria ascertains it to be expected that Kathleen wasn't declaring all dresses to flatten.,Victoria hasn't tempted it to be expected that Kathleen wasn't declaring all dresses to flatten.,syntax_semantics,control_raising,expletive_it_object_raising,True,False,True,False,312,-135.21759033203125,-126.21463775634766,0
These actresses hadn't believed it to be natural that the cilantro wasn't going bad.,These actresses convince it to be natural that the cilantro wasn't going bad.,syntax_semantics,control_raising,expletive_it_object_raising,True,False,True,False,313,-104.04723358154297,-96.42559814453125,0
Kristen had found it to be okay that Holly was judging some cars to rust.,Kristen can order it to be okay that Holly was judging some cars to rust.,syntax_semantics,control_raising,expletive_it_object_raising,True,False,True,False,314,-102.16290283203125,-105.4251708984375,1
All people prefer it to be unfortunate that all girls exercise.,All people wouldn't order it to be unfortunate that all girls exercise.,syntax_semantics,control_raising,expletive_it_object_raising,True,False,True,False,315,-62.94575500488281,-72.04393768310547,1
Some school believes it to be cool that Peter could telephone.,Some school badgered it to be cool that Peter could telephone.,syntax_semantics,control_raising,expletive_it_object_raising,True,False,True,False,316,-74.9185791015625,-90.12680053710938,1
Denise's plumbers anticipate it to be pleasant that many ladies declare Rose to pass many art galleries.,Denise's plumbers tempt it to be pleasant that many ladies declare Rose to pass many art galleries.,syntax_semantics,control_raising,expletive_it_object_raising,True,False,True,False,317,-155.6690673828125,-152.19876098632812,0
Winston Churchill's girlfriend declares it to be strange that those casseroles weren't bothering a driver.,Winston Churchill's girlfriend swayed it to be strange that those casseroles weren't bothering a driver.,syntax_semantics,control_raising,expletive_it_object_raising,True,False,True,False,318,-136.66265869140625,-139.16766357421875,1
Lissa had believed it to be not so pleasant that that woman shrugged.,Lissa obligates it to be not so pleasant that that woman shrugged.,syntax_semantics,control_raising,expletive_it_object_raising,True,False,True,False,319,-92.55435943603516,-98.01992797851562,1
Daniel's brothers ascertain it to be amusing that Michelle refuses to disturb Caroline.,Daniel's brothers shouldn't entreat it to be amusing that Michelle refuses to disturb Caroline.,syntax_semantics,control_raising,expletive_it_object_raising,True,False,True,False,320,-102.40611267089844,-113.75485229492188,1
Laura hadn't discovered it to be not so amusing that many skirts haven't warped.,Laura has ordered it to be not so amusing that many skirts haven't warped.,syntax_semantics,control_raising,expletive_it_object_raising,True,False,True,False,321,-100.24130249023438,-92.21549224853516,0
The boys' partners expect it to be not so clear that this association is conspiring.,The boys' partners order it to be not so clear that this association is conspiring.,syntax_semantics,control_raising,expletive_it_object_raising,True,False,True,False,322,-95.00827026367188,-98.92919921875,1
Curtis's best friends had declared it to be sad that every chair has stunned Alice.,Curtis's best friends motivated it to be sad that every chair has stunned Alice.,syntax_semantics,control_raising,expletive_it_object_raising,True,False,True,False,323,-128.68438720703125,-128.6132354736328,0
Galileo had predicted it to be uninteresting that Robert reveals who chuckled.,Galileo entices it to be uninteresting that Robert reveals who chuckled.,syntax_semantics,control_raising,expletive_it_object_raising,True,False,True,False,324,-113.29144287109375,-123.94212341308594,1
Many brothers of the waitresses have preferred it to be not so pleasant that Diane compelled Walter to climb up a lot of hills.,Many brothers of the waitresses ordered it to be not so pleasant that Diane compelled Walter to climb up a lot of hills.,syntax_semantics,control_raising,expletive_it_object_raising,True,False,True,False,325,-163.95281982421875,-157.9231719970703,0
The teachers hadn't preferred it to be a shame that Lori had thought about what has burned.,The teachers prod it to be a shame that Lori had thought about what has burned.,syntax_semantics,control_raising,expletive_it_object_raising,True,False,True,False,326,-105.57743835449219,-107.70909881591797,1
These sons of Lisa predict it to be not so important that Curtis has nodded.,These sons of Lisa did commission it to be not so important that Curtis has nodded.,syntax_semantics,control_raising,expletive_it_object_raising,True,False,True,False,327,-101.51930236816406,-107.06559753417969,1
Carl's mentor expected it to be apparent that Paula motivated many cashiers to kiss Robert.,Carl's mentor prompted it to be apparent that Paula motivated many cashiers to kiss Robert.,syntax_semantics,control_raising,expletive_it_object_raising,True,False,True,False,328,-136.44699096679688,-138.18603515625,1
Katherine has declared it to be lucky that some jackets wrinkled.,Katherine was daring it to be lucky that some jackets wrinkled.,syntax_semantics,control_raising,expletive_it_object_raising,True,False,True,False,329,-84.7900161743164,-90.84373474121094,1
Rose would declare it to be not so bad that a university hasn't fought.,Rose persuades it to be not so bad that a university hasn't fought.,syntax_semantics,control_raising,expletive_it_object_raising,True,False,True,False,330,-77.74812316894531,-91.24478149414062,1
Beverly believed it to be not so interesting that Rodney left.,Beverly prods it to be not so interesting that Rodney left.,syntax_semantics,control_raising,expletive_it_object_raising,True,False,True,False,331,-88.14769744873047,-101.19513702392578,1
Deborah prefers it to be sad that Theresa can't discover what distracts Marla.,Deborah wasn't compelling it to be sad that Theresa can't discover what distracts Marla.,syntax_semantics,control_raising,expletive_it_object_raising,True,False,True,False,332,-119.65702819824219,-132.21766662597656,1
Gregory anticipated it to be not so surprising that those lights dimmed.,Gregory urged it to be not so surprising that those lights dimmed.,syntax_semantics,control_raising,expletive_it_object_raising,True,False,True,False,333,-90.72686767578125,-89.53005981445312,0
Some offspring predicted it to be not so amusing that those actors explain everything.,Some offspring won't implore it to be not so amusing that those actors explain everything.,syntax_semantics,control_raising,expletive_it_object_raising,True,False,True,False,334,-92.51676940917969,-112.08686828613281,1
Maria's sisters wanted it to be bad that a window is opening.,Maria's sisters entreat it to be bad that a window is opening.,syntax_semantics,control_raising,expletive_it_object_raising,True,False,True,False,335,-71.32464599609375,-90.46269226074219,1
Omar is anticipating it to be unusual that Travis eats.,Omar entreated it to be unusual that Travis eats.,syntax_semantics,control_raising,expletive_it_object_raising,True,False,True,False,336,-83.82351684570312,-88.87116241455078,1
Bradley's piano teachers will prefer it to be apparent that actresses learn.,Bradley's piano teachers do pressure it to be apparent that actresses learn.,syntax_semantics,control_raising,expletive_it_object_raising,True,False,True,False,337,-92.01632690429688,-97.91742706298828,1
Some doctor wasn't anticipating it to be cool that Judy explains Martin was sneezing.,Some doctor begs it to be cool that Judy explains Martin was sneezing.,syntax_semantics,control_raising,expletive_it_object_raising,True,False,True,False,338,-122.83378601074219,-113.60585021972656,0
Grace's son needed it to be fortunate that Laura preferred that wheelbarrow to slow.,Grace's son shouldn't urge it to be fortunate that Laura preferred that wheelbarrow to slow.,syntax_semantics,control_raising,expletive_it_object_raising,True,False,True,False,339,-130.48257446289062,-144.56967163085938,1
Amelia prefers it to be normal that the closet has vanished.,Amelia could prod it to be normal that the closet has vanished.,syntax_semantics,control_raising,expletive_it_object_raising,True,False,True,False,340,-77.588134765625,-88.8347396850586,1
Bethany's dentist judged it to be natural that Ellen enticed Rose to sell a hospital.,Bethany's dentist spurs it to be natural that Ellen enticed Rose to sell a hospital.,syntax_semantics,control_raising,expletive_it_object_raising,True,False,True,False,341,-151.46697998046875,-156.6763916015625,1
Ronald's grandfathers discovered it to be bad that those children attack Winston Churchill.,Ronald's grandfathers haven't pressured it to be bad that those children attack Winston Churchill.,syntax_semantics,control_raising,expletive_it_object_raising,True,False,True,False,342,-112.70022583007812,-131.79061889648438,1
All dancers predict it to be pleasant that Phillip researched those lakes.,All dancers prod it to be pleasant that Phillip researched those lakes.,syntax_semantics,control_raising,expletive_it_object_raising,True,False,True,False,343,-97.46717834472656,-104.40902709960938,1
Chad hasn't declared it to be clear that Keith hasn't fallen asleep.,Chad had prodded it to be clear that Keith hasn't fallen asleep.,syntax_semantics,control_raising,expletive_it_object_raising,True,False,True,False,344,-84.42987060546875,-98.29817962646484,1
Many children do prefer it to be unsuprising that a government isn't explaining everything.,Many children press it to be unsuprising that a government isn't explaining everything.,syntax_semantics,control_raising,expletive_it_object_raising,True,False,True,False,345,-109.2403793334961,-111.2147216796875,1
Michael is needing it to be cool that Nicole might read.,Michael wasn't commissioning it to be cool that Nicole might read.,syntax_semantics,control_raising,expletive_it_object_raising,True,False,True,False,346,-68.38963317871094,-84.95774841308594,1
Dennis was expecting it to be not so nice that peppers should go bad.,Dennis prodded it to be not so nice that peppers should go bad.,syntax_semantics,control_raising,expletive_it_object_raising,True,False,True,False,347,-89.0718765258789,-103.72135925292969,1
Allison's sister does prefer it to be acceptable that a lot of organizations annoyed Colleen.,Allison's sister pressured it to be acceptable that a lot of organizations annoyed Colleen.,syntax_semantics,control_raising,expletive_it_object_raising,True,False,True,False,348,-117.72244262695312,-126.18052673339844,1
The grandmothers of Stacy have ascertained it to be not so bad that a bicycle cracks.,The grandmothers of Stacy sway it to be not so bad that a bicycle cracks.,syntax_semantics,control_raising,expletive_it_object_raising,True,False,True,False,349,-130.0116729736328,-107.70111846923828,0
Tamara's guests want it to be not so surprising that a lot of hospitals argue.,Tamara's guests enticed it to be not so surprising that a lot of hospitals argue.,syntax_semantics,control_raising,expletive_it_object_raising,True,False,True,False,350,-89.12673950195312,-105.34617614746094,1
Every child anticipates it to be uninteresting that Anne needed to smile.,Every child advises it to be uninteresting that Anne needed to smile.,syntax_semantics,control_raising,expletive_it_object_raising,True,False,True,False,351,-100.87128448486328,-86.82000732421875,0
Danielle ascertained it to be not so interesting that those students observed Beth.,Danielle prods it to be not so interesting that those students observed Beth.,syntax_semantics,control_raising,expletive_it_object_raising,True,False,True,False,352,-113.06642150878906,-109.17325592041016,0
Theresa found it to be fortunate that Benjamin pressures Lisa to eat.,Theresa hadn't prodded it to be fortunate that Benjamin pressures Lisa to eat.,syntax_semantics,control_raising,expletive_it_object_raising,True,False,True,False,353,-94.55496215820312,-127.40435028076172,1
Heidi isn't expecting it to be nice that Michelle has appeared.,Heidi pressured it to be nice that Michelle has appeared.,syntax_semantics,control_raising,expletive_it_object_raising,True,False,True,False,354,-74.66162872314453,-75.95751953125,1
Steve declared it to be nice that a lot of doctors say the company corresponded.,Steve was persuading it to be nice that a lot of doctors say the company corresponded.,syntax_semantics,control_raising,expletive_it_object_raising,True,False,True,False,355,-84.8418960571289,-104.12718200683594,1
Laura anticipated it to be not so funny that Candice hadn't ascertained many teenagers to cope.,Laura entreats it to be not so funny that Candice hadn't ascertained many teenagers to cope.,syntax_semantics,control_raising,expletive_it_object_raising,True,False,True,False,356,-134.98828125,-143.12197875976562,1
Lisa did need it to be sad that Roger yawns.,Lisa has begged it to be sad that Roger yawns.,syntax_semantics,control_raising,expletive_it_object_raising,True,False,True,False,357,-69.93032836914062,-72.4121322631836,1
Jennifer's oncologists consider it to be not so pleasant that Caroline does approach Helen.,Jennifer's oncologists motivated it to be not so pleasant that Caroline does approach Helen.,syntax_semantics,control_raising,expletive_it_object_raising,True,False,True,False,358,-118.43717956542969,-124.58770751953125,1
Chad's podiatrists will want it to be cool that some children insult Helen.,Chad's podiatrists entice it to be cool that some children insult Helen.,syntax_semantics,control_raising,expletive_it_object_raising,True,False,True,False,359,-133.25839233398438,-148.67251586914062,1
Stacey has discovered it to be not so bad that these drivers cheered.,Stacey is ordering it to be not so bad that these drivers cheered.,syntax_semantics,control_raising,expletive_it_object_raising,True,False,True,False,360,-92.84280395507812,-93.7822265625,1
Elaine discovers it to be worth saying that Mary goes fishing.,Elaine hadn't asked it to be worth saying that Mary goes fishing.,syntax_semantics,control_raising,expletive_it_object_raising,True,False,True,False,361,-78.04975891113281,-81.54753112792969,1
Many cashiers expect it to be not so clear that some lady implores Douglas to know Janet.,Many cashiers aren't prodding it to be not so clear that some lady implores Douglas to know Janet.,syntax_semantics,control_raising,expletive_it_object_raising,True,False,True,False,362,-135.57073974609375,-169.2640838623047,1
Sara expects it to be obvious that Jennifer couldn't nod.,Sara entices it to be obvious that Jennifer couldn't nod.,syntax_semantics,control_raising,expletive_it_object_raising,True,False,True,False,363,-83.40264892578125,-99.2573471069336,1
The companies had anticipated it to be boring that all governments were conferring.,The companies asked it to be boring that all governments were conferring.,syntax_semantics,control_raising,expletive_it_object_raising,True,False,True,False,364,-94.7243881225586,-84.28655242919922,0
Every person wasn't judging it to be expected that John had gotten a job.,Every person hadn't pressured it to be expected that John had gotten a job.,syntax_semantics,control_raising,expletive_it_object_raising,True,False,True,False,365,-79.09642028808594,-85.39155578613281,1
That offspring judged it to be important that Lissa had argued.,That offspring entreated it to be important that Lissa had argued.,syntax_semantics,control_raising,expletive_it_object_raising,True,False,True,False,366,-89.2190170288086,-104.99533081054688,1
Winston Churchill's daughters were judging it to be not so pleasant that many hospitals haven't replied.,Winston Churchill's daughters induce it to be not so pleasant that many hospitals haven't replied.,syntax_semantics,control_raising,expletive_it_object_raising,True,False,True,False,367,-123.17335510253906,-122.56232452392578,0
Brenda isn't needing it to be lucky that Chad hadn't performed.,Brenda prods it to be lucky that Chad hadn't performed.,syntax_semantics,control_raising,expletive_it_object_raising,True,False,True,False,368,-76.56446075439453,-86.53728485107422,1
Most grandfathers of William ascertain it to be okay that Martin hides away.,Most grandfathers of William badger it to be okay that Martin hides away.,syntax_semantics,control_raising,expletive_it_object_raising,True,False,True,False,369,-111.5518569946289,-118.09529113769531,1
Those men expect it to be a shame that Carla was looking to negotiate.,Those men would advise it to be a shame that Carla was looking to negotiate.,syntax_semantics,control_raising,expletive_it_object_raising,True,False,True,False,370,-82.01220703125,-85.68342590332031,1
Most waitresses' hairdresser expected it to be unusual that Melissa was irritating banks.,Most waitresses' hairdresser tempts it to be unusual that Melissa was irritating banks.,syntax_semantics,control_raising,expletive_it_object_raising,True,False,True,False,371,-131.510498046875,-144.17465209960938,1
Some actress's dentist was discovering it to be not so funny that Omar explains those actresses couldn't discover most bicycles.,Some actress's dentist wasn't commanding it to be not so funny that Omar explains those actresses couldn't discover most bicycles.,syntax_semantics,control_raising,expletive_it_object_raising,True,False,True,False,372,-162.6226806640625,-169.84169006347656,1
All governments shouldn't predict it to be unexpected that Russell hasn't doubted a lot of adults investigate many companies.,All governments prod it to be unexpected that Russell hasn't doubted a lot of adults investigate many companies.,syntax_semantics,control_raising,expletive_it_object_raising,True,False,True,False,373,-136.38580322265625,-135.97279357910156,0
Charles's grandmothers discover it to be unfortunate that every shoe isn't twisting.,Charles's grandmothers were obligating it to be unfortunate that every shoe isn't twisting.,syntax_semantics,control_raising,expletive_it_object_raising,True,False,True,False,374,-101.68701934814453,-115.23301696777344,1
That driver ascertains it to be not so amusing that Harvard University wasn't profiting.,That driver commissions it to be not so amusing that Harvard University wasn't profiting.,syntax_semantics,control_raising,expletive_it_object_raising,True,False,True,False,375,-130.30032348632812,-118.29563903808594,0
Mark had considered it to be not so funny that William has managed to lift a lot of shawls.,Mark was enticing it to be not so funny that William has managed to lift a lot of shawls.,syntax_semantics,control_raising,expletive_it_object_raising,True,False,True,False,376,-114.32096862792969,-124.37062072753906,1
Stacey prefers it to be okay that Alan found Benjamin.,Stacey prompted it to be okay that Alan found Benjamin.,syntax_semantics,control_raising,expletive_it_object_raising,True,False,True,False,377,-90.92257690429688,-90.47476196289062,0
The teenager had judged it to be clear that some casserole burns.,The teenager hadn't forced it to be clear that some casserole burns.,syntax_semantics,control_raising,expletive_it_object_raising,True,False,True,False,378,-95.05294036865234,-96.09418487548828,1
Grace anticipated it to be not so pleasant that Cynthia stretches.,Grace wasn't obliging it to be not so pleasant that Cynthia stretches.,syntax_semantics,control_raising,expletive_it_object_raising,True,False,True,False,379,-85.39802551269531,-100.50459289550781,1
Cindy's ex-girlfriend judges it to be unusual that every unicycle stopped.,Cindy's ex-girlfriend hadn't dared it to be unusual that every unicycle stopped.,syntax_semantics,control_raising,expletive_it_object_raising,True,False,True,False,380,-122.55208587646484,-127.29010772705078,1
Some grandson of Ella is judging it to be unusual that Heidi appears to go fishing.,Some grandson of Ella should badger it to be unusual that Heidi appears to go fishing.,syntax_semantics,control_raising,expletive_it_object_raising,True,False,True,False,381,-108.05384826660156,-123.67879486083984,1
A person's fathers had believed it to be too bad that James appears to work hard.,A person's fathers hadn't commissioned it to be too bad that James appears to work hard.,syntax_semantics,control_raising,expletive_it_object_raising,True,False,True,False,382,-107.08584594726562,-116.07394409179688,1
Those daughters of Kimberley were considering it to be pleasant that Carl is explaining everything.,Those daughters of Kimberley prod it to be pleasant that Carl is explaining everything.,syntax_semantics,control_raising,expletive_it_object_raising,True,False,True,False,383,-113.88542175292969,-120.7502670288086,1
Most actors did predict it to be unpleasant that this teenager bikes to a mall.,Most actors did urge it to be unpleasant that this teenager bikes to a mall.,syntax_semantics,control_raising,expletive_it_object_raising,True,False,True,False,384,-100.4755630493164,-99.62129974365234,0
Children weren't anticipating it to be not so weird that all organizations forget about who can explain everything.,Children had persuaded it to be not so weird that all organizations forget about who can explain everything.,syntax_semantics,control_raising,expletive_it_object_raising,True,False,True,False,385,-119.74954986572266,-107.16252136230469,0
Every school did find it to be a shame that Theresa grinned.,Every school prodded it to be a shame that Theresa grinned.,syntax_semantics,control_raising,expletive_it_object_raising,True,False,True,False,386,-72.92640686035156,-86.9365234375,1
A lot of cashiers need it to be unexpected that children attempt to cope.,A lot of cashiers induced it to be unexpected that children attempt to cope.,syntax_semantics,control_raising,expletive_it_object_raising,True,False,True,False,387,-100.28107452392578,-106.94239807128906,1
This driver isn't preferring it to be funny that some car isn't slowing.,This driver had induced it to be funny that some car isn't slowing.,syntax_semantics,control_raising,expletive_it_object_raising,True,False,True,False,388,-94.87986755371094,-87.92086029052734,0
All libraries do declare it to be not so obvious that many children imagine a lot of dancers would ask Ruth's electricians to ascend these hills.,All libraries encourage it to be not so obvious that many children imagine a lot of dancers would ask Ruth's electricians to ascend these hills.,syntax_semantics,control_raising,expletive_it_object_raising,True,False,True,False,389,-193.5255584716797,-189.27731323242188,0
Those men declare it to be not so obvious that some teachers hadn't drunk.,Those men weren't prodding it to be not so obvious that some teachers hadn't drunk.,syntax_semantics,control_raising,expletive_it_object_raising,True,False,True,False,390,-90.15509033203125,-119.95133209228516,1
Carl believed it to be not so amusing that Diana didn't visit Liam.,Carl forced it to be not so amusing that Diana didn't visit Liam.,syntax_semantics,control_raising,expletive_it_object_raising,True,False,True,False,391,-84.6135482788086,-81.99284362792969,0
These nieces of Laurie discover it to be not so good that Harvard University had remembered Lissa.,These nieces of Laurie haven't begged it to be not so good that Harvard University had remembered Lissa.,syntax_semantics,control_raising,expletive_it_object_raising,True,False,True,False,392,-142.976806640625,-153.83282470703125,1
Senators expect it to be interesting that a cucumber hasn't gone bad.,Senators implore it to be interesting that a cucumber hasn't gone bad.,syntax_semantics,control_raising,expletive_it_object_raising,True,False,True,False,393,-81.27274322509766,-94.89129638671875,1
A lot of offspring weren't preferring it to be noteworthy that Melinda wouldn't write.,A lot of offspring spur it to be noteworthy that Melinda wouldn't write.,syntax_semantics,control_raising,expletive_it_object_raising,True,False,True,False,394,-125.34795379638672,-114.00321960449219,0
Those men aren't wanting it to be nice that many boys question Martha.,Those men persuaded it to be nice that many boys question Martha.,syntax_semantics,control_raising,expletive_it_object_raising,True,False,True,False,395,-81.10037231445312,-78.97884368896484,0
The boy might find it to be lucky that some banana grows.,The boy obliged it to be lucky that some banana grows.,syntax_semantics,control_raising,expletive_it_object_raising,True,False,True,False,396,-75.30314636230469,-80.21629333496094,1
All men ascertain it to be lucky that most closets open.,All men obligated it to be lucky that most closets open.,syntax_semantics,control_raising,expletive_it_object_raising,True,False,True,False,397,-84.8422622680664,-84.81625366210938,0
Paula wants it to be amusing that a lot of guests had worked hard.,Paula had motivated it to be amusing that a lot of guests had worked hard.,syntax_semantics,control_raising,expletive_it_object_raising,True,False,True,False,398,-76.60576629638672,-88.49595642089844,1
Alan's doctors haven't judged it to be amusing that every coat isn't loosening.,Alan's doctors encourage it to be amusing that every coat isn't loosening.,syntax_semantics,control_raising,expletive_it_object_raising,True,False,True,False,399,-113.23770141601562,-105.67704772949219,0
Pamela's mothers believe it to be weird that some women bothers Julie.,Pamela's mothers had obligated it to be weird that some women bothers Julie.,syntax_semantics,control_raising,expletive_it_object_raising,True,False,True,False,400,-112.5638656616211,-125.21392822265625,1
Renee was anticipating it to be too bad that that organization ordered some boy's cousin to sell a lot of malls.,Renee pushes it to be too bad that that organization ordered some boy's cousin to sell a lot of malls.,syntax_semantics,control_raising,expletive_it_object_raising,True,False,True,False,401,-137.17718505859375,-125.8312759399414,0
Gerald finds it to be apparent that the restaurants look like those drawings.,Gerald implored it to be apparent that the restaurants look like those drawings.,syntax_semantics,control_raising,expletive_it_object_raising,True,False,True,False,402,-91.45785522460938,-105.25857543945312,1
Alan should prefer it to be too bad that that adult believed some government to respect Susan.,Alan asks it to be too bad that that adult believed some government to respect Susan.,syntax_semantics,control_raising,expletive_it_object_raising,True,False,True,False,403,-108.90130615234375,-101.28732299804688,0
Heather preferred it to be nice that that shirt loosens.,Heather is pressuring it to be nice that that shirt loosens.,syntax_semantics,control_raising,expletive_it_object_raising,True,False,True,False,404,-84.75337219238281,-95.96916198730469,1
Senators' boss discovers it to be a shame that a sock had warped.,Senators' boss wasn't imploring it to be a shame that a sock had warped.,syntax_semantics,control_raising,expletive_it_object_raising,True,False,True,False,405,-104.68555450439453,-123.95856475830078,1
Alan couldn't prefer it to be not so pleasant that the Impressionists disappear.,Alan does induce it to be not so pleasant that the Impressionists disappear.,syntax_semantics,control_raising,expletive_it_object_raising,True,False,True,False,406,-91.9142074584961,-92.97036743164062,1
Jeffrey is finding it to be normal that most guests learn.,Jeffrey hadn't induced it to be normal that most guests learn.,syntax_semantics,control_raising,expletive_it_object_raising,True,False,True,False,407,-71.30905151367188,-83.20037841796875,1
Men ascertain it to be unpleasant that all schools negotiate.,Men urge it to be unpleasant that all schools negotiate.,syntax_semantics,control_raising,expletive_it_object_raising,True,False,True,False,408,-72.49940490722656,-63.69261932373047,0
Margaret is finding it to be not so bad that Jacqueline drops by a movie theater.,Margaret couldn't push it to be not so bad that Jacqueline drops by a movie theater.,syntax_semantics,control_raising,expletive_it_object_raising,True,False,True,False,409,-101.13851928710938,-108.77425384521484,1
Christine discovered it to be okay that Charles hasn't explained everything.,Christine hadn't persuaded it to be okay that Charles hasn't explained everything.,syntax_semantics,control_raising,expletive_it_object_raising,True,False,True,False,410,-82.36243438720703,-92.3720474243164,1
Alicia should declare it to be obvious that Diana forces Cynthia to bother every actress.,Alicia hadn't required it to be obvious that Diana forces Cynthia to bother every actress.,syntax_semantics,control_raising,expletive_it_object_raising,True,False,True,False,411,-138.61026000976562,-140.26028442382812,1
All daughters of Brenda weren't ascertaining it to be surprising that some organization looks to bake.,All daughters of Brenda commission it to be surprising that some organization looks to bake.,syntax_semantics,control_raising,expletive_it_object_raising,True,False,True,False,412,-136.92193603515625,-110.99231719970703,0
Matt has believed it to be unlucky that Tiffany falls asleep.,Matt wasn't commanding it to be unlucky that Tiffany falls asleep.,syntax_semantics,control_raising,expletive_it_object_raising,True,False,True,False,413,-73.00785827636719,-82.72195434570312,1
These associations shouldn't prefer it to be not so nice that this person could bike to the libraries.,These associations sway it to be not so nice that this person could bike to the libraries.,syntax_semantics,control_raising,expletive_it_object_raising,True,False,True,False,414,-105.5091552734375,-102.7677001953125,0
The waitresses wouldn't judge it to be not so bad that the person boasts about Allison.,The waitresses induced it to be not so bad that the person boasts about Allison.,syntax_semantics,control_raising,expletive_it_object_raising,True,False,True,False,415,-111.49275207519531,-106.15396118164062,0
Veronica was discovering it to be noteworthy that Brett will read.,Veronica badgered it to be noteworthy that Brett will read.,syntax_semantics,control_raising,expletive_it_object_raising,True,False,True,False,416,-84.89892578125,-93.1053466796875,1
Melissa wasn't declaring it to be expected that Brad broke a lot of chairs.,Melissa would require it to be expected that Brad broke a lot of chairs.,syntax_semantics,control_raising,expletive_it_object_raising,True,False,True,False,417,-95.91886901855469,-84.31548309326172,0
Most governments judged it to be not so funny that Kristen littered.,Most governments are swaying it to be not so funny that Kristen littered.,syntax_semantics,control_raising,expletive_it_object_raising,True,False,True,False,418,-91.6556396484375,-95.34492492675781,1
Many synopses had found it to be not so surprising that Charles is explaining everything.,Many synopses badger it to be not so surprising that Charles is explaining everything.,syntax_semantics,control_raising,expletive_it_object_raising,True,False,True,False,419,-108.51596069335938,-120.6467056274414,1
Lori's ex-boyfriend will discover it to be unlucky that Larry skates around this mall.,Lori's ex-boyfriend does press it to be unlucky that Larry skates around this mall.,syntax_semantics,control_raising,expletive_it_object_raising,True,False,True,False,420,-132.55514526367188,-133.89447021484375,1
These grandfathers of Angela didn't discover it to be bad that all waitresses laugh.,These grandfathers of Angela force it to be bad that all waitresses laugh.,syntax_semantics,control_raising,expletive_it_object_raising,True,False,True,False,421,-117.49195861816406,-112.09303283691406,0
Roger's best friends believe it to be pleasant that most men didn't clash.,Roger's best friends don't spur it to be pleasant that most men didn't clash.,syntax_semantics,control_raising,expletive_it_object_raising,True,False,True,False,422,-83.78844451904297,-95.50567626953125,1
Amanda wouldn't expect it to be not so interesting that that glove had shrunk.,Amanda couldn't sway it to be not so interesting that that glove had shrunk.,syntax_semantics,control_raising,expletive_it_object_raising,True,False,True,False,423,-89.09519958496094,-99.47279357910156,1
Patients predict it to be a shame that the actresses judge Mitchell to spin around.,Patients haven't commissioned it to be a shame that the actresses judge Mitchell to spin around.,syntax_semantics,control_raising,expletive_it_object_raising,True,False,True,False,424,-117.89583587646484,-126.08871459960938,1
Sheila was judging it to be not so weird that Donald forced Carolyn to protest.,Sheila advised it to be not so weird that Donald forced Carolyn to protest.,syntax_semantics,control_raising,expletive_it_object_raising,True,False,True,False,425,-107.6217269897461,-101.42102813720703,0
Timothy was discovering it to be sad that most glasses drop.,Timothy isn't prompting it to be sad that most glasses drop.,syntax_semantics,control_raising,expletive_it_object_raising,True,False,True,False,426,-81.81877899169922,-84.67805480957031,1
That waitress preferred it to be nice that Ronald messed up a couch.,That waitress hasn't pressed it to be nice that Ronald messed up a couch.,syntax_semantics,control_raising,expletive_it_object_raising,True,False,True,False,427,-89.90450286865234,-93.55938720703125,1
Harvard University preferred it to be not so normal that a couch slipped.,Harvard University dares it to be not so normal that a couch slipped.,syntax_semantics,control_raising,expletive_it_object_raising,True,False,True,False,428,-98.80744171142578,-107.04119873046875,1
Linda should prefer it to be nice that some rabbits fell asleep.,Linda had prodded it to be nice that some rabbits fell asleep.,syntax_semantics,control_raising,expletive_it_object_raising,True,False,True,False,429,-78.67219543457031,-96.18212127685547,1
A waiter shouldn't anticipate it to be not so normal that Aaron had exited some bank.,A waiter was encouraging it to be not so normal that Aaron had exited some bank.,syntax_semantics,control_raising,expletive_it_object_raising,True,False,True,False,430,-132.79217529296875,-121.12618255615234,0
The dancer isn't ascertaining it to be worth saying that Colleen was approaching Noah.,The dancer motivated it to be worth saying that Colleen was approaching Noah.,syntax_semantics,control_raising,expletive_it_object_raising,True,False,True,False,431,-129.89361572265625,-104.98480224609375,0
Sarah's piano teachers needed it to be not so obvious that Carol couldn't reveal that child.,Sarah's piano teachers weren't persuading it to be not so obvious that Carol couldn't reveal that child.,syntax_semantics,control_raising,expletive_it_object_raising,True,False,True,False,432,-105.83816528320312,-135.1934814453125,1
Carl hasn't predicted it to be a shame that Denise won't wash.,Carl was compelling it to be a shame that Denise won't wash.,syntax_semantics,control_raising,expletive_it_object_raising,True,False,True,False,433,-79.10499572753906,-78.62892150878906,0
Irene declares it to be uninteresting that Paula has approached a customer.,Irene can't order it to be uninteresting that Paula has approached a customer.,syntax_semantics,control_raising,expletive_it_object_raising,True,False,True,False,434,-101.74528503417969,-103.16145324707031,1
Omar's electricians find it to be boring that the guests prompt every student to forfeit.,Omar's electricians wouldn't prompt it to be boring that the guests prompt every student to forfeit.,syntax_semantics,control_raising,expletive_it_object_raising,True,False,True,False,435,-134.00692749023438,-148.20071411132812,1
Brian hadn't considered it to be worth mentioning that Kenneth cooperates.,Brian isn't inducing it to be worth mentioning that Kenneth cooperates.,syntax_semantics,control_raising,expletive_it_object_raising,True,False,True,False,436,-85.14266967773438,-92.86051177978516,1
Every man predicts it to be not so pleasant that a lot of customers have testified.,Every man is daring it to be not so pleasant that a lot of customers have testified.,syntax_semantics,control_raising,expletive_it_object_raising,True,False,True,False,437,-93.09831237792969,-98.88953399658203,1
This woman hasn't believed it to be not so amusing that actors go to the hospital.,This woman hadn't asked it to be not so amusing that actors go to the hospital.,syntax_semantics,control_raising,expletive_it_object_raising,True,False,True,False,438,-85.85800170898438,-85.14994812011719,0
Richard needs it to be okay that Veronica was discovering Monica.,Richard begs it to be okay that Veronica was discovering Monica.,syntax_semantics,control_raising,expletive_it_object_raising,True,False,True,False,439,-74.46790313720703,-85.36109924316406,1
Jennifer considers it to be not so normal that Brett telephones.,Jennifer dares it to be not so normal that Brett telephones.,syntax_semantics,control_raising,expletive_it_object_raising,True,False,True,False,440,-78.61923217773438,-88.68035125732422,1
Every waiter's lawyers find it to be acceptable that Jeffrey muttered.,Every waiter's lawyers induced it to be acceptable that Jeffrey muttered.,syntax_semantics,control_raising,expletive_it_object_raising,True,False,True,False,441,-98.54971313476562,-104.63827514648438,1
Russell is declaring it to be obvious that Helen telephones.,Russell isn't tempting it to be obvious that Helen telephones.,syntax_semantics,control_raising,expletive_it_object_raising,True,False,True,False,442,-74.71913146972656,-82.81694030761719,1
Karla hadn't discovered it to be not so interesting that Cindy does figure out who hadn't insulted Debra.,Karla encourages it to be not so interesting that Cindy does figure out who hadn't insulted Debra.,syntax_semantics,control_raising,expletive_it_object_raising,True,False,True,False,443,-133.76693725585938,-129.4331817626953,0
Veronica believed it to be unlucky that Theresa hadn't scratched.,Veronica doesn't force it to be unlucky that Theresa hadn't scratched.,syntax_semantics,control_raising,expletive_it_object_raising,True,False,True,False,444,-80.16940307617188,-82.09689331054688,1
Nina's colleague believed it to be unexpected that this skirt can't twirl.,Nina's colleague hadn't swayed it to be unexpected that this skirt can't twirl.,syntax_semantics,control_raising,expletive_it_object_raising,True,False,True,False,445,-113.94949340820312,-132.32156372070312,1
April hasn't declared it to be odd that Carl ascertains a closet to open.,April was urging it to be odd that Carl ascertains a closet to open.,syntax_semantics,control_raising,expletive_it_object_raising,True,False,True,False,446,-114.508056640625,-114.10233306884766,0
Kirsten finds it to be not so bad that Regina had entreated Ella to spin around.,Kirsten wasn't begging it to be not so bad that Regina had entreated Ella to spin around.,syntax_semantics,control_raising,expletive_it_object_raising,True,False,True,False,447,-135.07594299316406,-147.8553466796875,1
Janice's lawyers are believing it to be not so obvious that Lisa proves to tour all malls.,Janice's lawyers pressure it to be not so obvious that Lisa proves to tour all malls.,syntax_semantics,control_raising,expletive_it_object_raising,True,False,True,False,448,-137.1774444580078,-138.04747009277344,1
Martin has ascertained it to be okay that many people persuade Donald to talk.,Martin has induced it to be okay that many people persuade Donald to talk.,syntax_semantics,control_raising,expletive_it_object_raising,True,False,True,False,449,-108.13958740234375,-89.09990692138672,0
These grandsons of Tamara don't predict it to be apparent that a girl questions many universities.,These grandsons of Tamara can't beg it to be apparent that a girl questions many universities.,syntax_semantics,control_raising,expletive_it_object_raising,True,False,True,False,450,-134.48973083496094,-137.02731323242188,1
Many banks declared it to be surprising that an apple hasn't ripened.,Many banks are urging it to be surprising that an apple hasn't ripened.,syntax_semantics,control_raising,expletive_it_object_raising,True,False,True,False,451,-96.26693725585938,-99.32062530517578,1
Julie's classmates expected it to be not so clear that Frank forces Ella to concur.,Julie's classmates commission it to be not so clear that Frank forces Ella to concur.,syntax_semantics,control_raising,expletive_it_object_raising,True,False,True,False,452,-121.5316390991211,-132.58197021484375,1
Kayla had wanted it to be unusual that many governments are negotiating.,Kayla shouldn't spur it to be unusual that many governments are negotiating.,syntax_semantics,control_raising,expletive_it_object_raising,True,False,True,False,453,-78.81066131591797,-91.71107482910156,1
Many grandfathers of Patrick haven't believed it to be not so good that most guys have sung.,Many grandfathers of Patrick pressure it to be not so good that most guys have sung.,syntax_semantics,control_raising,expletive_it_object_raising,True,False,True,False,454,-113.94412231445312,-110.38279724121094,0
Ronald didn't consider it to be worth saying that many computers had tipped over.,Ronald hadn't tempted it to be worth saying that many computers had tipped over.,syntax_semantics,control_raising,expletive_it_object_raising,True,False,True,False,455,-89.08119201660156,-99.51929473876953,1
Samuel discovers it to be not so amusing that many adults haven't compelled Danielle to flee from most women.,Samuel was convincing it to be not so amusing that many adults haven't compelled Danielle to flee from most women.,syntax_semantics,control_raising,expletive_it_object_raising,True,False,True,False,456,-140.7609100341797,-148.91246032714844,1
Some grandson of Amelia doesn't believe it to be clear that Marie hadn't worked with Holly.,Some grandson of Amelia presses it to be clear that Marie hadn't worked with Holly.,syntax_semantics,control_raising,expletive_it_object_raising,True,False,True,False,457,-109.98658752441406,-109.46964263916016,0
Committees declared it to be sad that that mall would waste away.,Committees pressured it to be sad that that mall would waste away.,syntax_semantics,control_raising,expletive_it_object_raising,True,False,True,False,458,-84.81111907958984,-93.79348754882812,1
This school hasn't needed it to be surprising that dancers scan every report.,This school is pushing it to be surprising that dancers scan every report.,syntax_semantics,control_raising,expletive_it_object_raising,True,False,True,False,459,-92.33935546875,-87.82263946533203,0
Some actors were believing it to be interesting that Carrie negotiates.,Some actors spur it to be interesting that Carrie negotiates.,syntax_semantics,control_raising,expletive_it_object_raising,True,False,True,False,460,-88.22462463378906,-88.66896057128906,1
Lissa's lawyers were expecting it to be not so nice that Steven yearned to visit Donald.,Lissa's lawyers aren't requiring it to be not so nice that Steven yearned to visit Donald.,syntax_semantics,control_raising,expletive_it_object_raising,True,False,True,False,461,-125.53569030761719,-136.88340759277344,1
Melanie's handyman had ascertained it to be important that ice cream melts.,Melanie's handyman induced it to be important that ice cream melts.,syntax_semantics,control_raising,expletive_it_object_raising,True,False,True,False,462,-112.64514923095703,-91.28910827636719,0
Galileo discovers it to be strange that the guests date.,Galileo hasn't pressed it to be strange that the guests date.,syntax_semantics,control_raising,expletive_it_object_raising,True,False,True,False,463,-72.73272705078125,-79.22442626953125,1
This university predicts it to be boring that many libraries conspire.,This university ordered it to be boring that many libraries conspire.,syntax_semantics,control_raising,expletive_it_object_raising,True,False,True,False,464,-98.84455871582031,-88.46434783935547,0
Holly ascertains it to be natural that guests discover most legislatures.,Holly was entreating it to be natural that guests discover most legislatures.,syntax_semantics,control_raising,expletive_it_object_raising,True,False,True,False,465,-107.421875,-104.29145812988281,0
Most analyses need it to be funny that Brad wasn't concurring.,Most analyses beg it to be funny that Brad wasn't concurring.,syntax_semantics,control_raising,expletive_it_object_raising,True,False,True,False,466,-90.7655258178711,-98.52935028076172,1
Jacqueline is ascertaining it to be expected that Leslie is inducing Denise to answer.,Jacqueline commanded it to be expected that Leslie is inducing Denise to answer.,syntax_semantics,control_raising,expletive_it_object_raising,True,False,True,False,467,-131.8666229248047,-110.2159194946289,0
Laura's hairdressers haven't predicted it to be worth noting that most skateboards accelerate.,Laura's hairdressers have ordered it to be worth noting that most skateboards accelerate.,syntax_semantics,control_raising,expletive_it_object_raising,True,False,True,False,468,-123.62545013427734,-114.93701171875,0
The actresses' cousins needed it to be not so important that Sandra wished to litter.,The actresses' cousins have swayed it to be not so important that Sandra wished to litter.,syntax_semantics,control_raising,expletive_it_object_raising,True,False,True,False,469,-107.1920166015625,-120.59465789794922,1
Laurie's employees had wanted it to be not so normal that the cashiers haven't liked to tour the museums.,Laurie's employees don't press it to be not so normal that the cashiers haven't liked to tour the museums.,syntax_semantics,control_raising,expletive_it_object_raising,True,False,True,False,470,-143.00006103515625,-146.43911743164062,1
Maria prefers it to be amusing that Walter doesn't write.,Maria implores it to be amusing that Walter doesn't write.,syntax_semantics,control_raising,expletive_it_object_raising,True,False,True,False,471,-70.48369598388672,-81.71615600585938,1
Caroline expects it to be too bad that Michelle couldn't win.,Caroline implored it to be too bad that Michelle couldn't win.,syntax_semantics,control_raising,expletive_it_object_raising,True,False,True,False,472,-71.67375183105469,-81.27409362792969,1
Those committees had found it to be not so good that a lot of schools compete.,Those committees hadn't prompted it to be not so good that a lot of schools compete.,syntax_semantics,control_raising,expletive_it_object_raising,True,False,True,False,473,-79.5814208984375,-90.3681640625,1
Elaine discovers it to be unfortunate that George shouldn't shrug.,Elaine spurs it to be unfortunate that George shouldn't shrug.,syntax_semantics,control_raising,expletive_it_object_raising,True,False,True,False,474,-87.70126342773438,-95.65361785888672,1
That cashier should anticipate it to be not so surprising that the doctors reveal who thought about Stacey.,That cashier shouldn't oblige it to be not so surprising that the doctors reveal who thought about Stacey.,syntax_semantics,control_raising,expletive_it_object_raising,True,False,True,False,475,-142.5079345703125,-157.24761962890625,1
Victoria doesn't believe it to be boring that those glasses could unfold.,Victoria isn't convincing it to be boring that those glasses could unfold.,syntax_semantics,control_raising,expletive_it_object_raising,True,False,True,False,476,-71.64049530029297,-83.86613464355469,1
Janet's ex-husbands can expect it to be normal that a lot of guys intend to reference Jennifer.,Janet's ex-husbands aren't enticing it to be normal that a lot of guys intend to reference Jennifer.,syntax_semantics,control_raising,expletive_it_object_raising,True,False,True,False,477,-133.3382110595703,-149.54986572265625,1
Some men's grandfathers hadn't found it to be unlucky that most lakes had evaporated.,Some men's grandfathers wouldn't dare it to be unlucky that most lakes had evaporated.,syntax_semantics,control_raising,expletive_it_object_raising,True,False,True,False,478,-113.27581787109375,-113.61537170410156,1
Tanya's mother has predicted it to be acceptable that Christopher isn't remembering who wasn't criticizing Tonya.,Tanya's mother hasn't advised it to be acceptable that Christopher isn't remembering who wasn't criticizing Tonya.,syntax_semantics,control_raising,expletive_it_object_raising,True,False,True,False,479,-149.94158935546875,-153.47093200683594,1
Those mothers of Nancy find it to be okay that this window shut.,Those mothers of Nancy should prod it to be okay that this window shut.,syntax_semantics,control_raising,expletive_it_object_raising,True,False,True,False,480,-88.63407897949219,-104.89321899414062,1
Meredith wants it to be expected that that plate disgusts Elizabeth.,Meredith isn't begging it to be expected that that plate disgusts Elizabeth.,syntax_semantics,control_raising,expletive_it_object_raising,True,False,True,False,481,-90.67739868164062,-107.41323852539062,1
Most actors preferred it to be odd that Raymond was proving to paint.,Most actors have required it to be odd that Raymond was proving to paint.,syntax_semantics,control_raising,expletive_it_object_raising,True,False,True,False,482,-88.510009765625,-88.82633209228516,1
Donna would consider it to be expected that Lucille laughs.,Donna pressured it to be expected that Lucille laughs.,syntax_semantics,control_raising,expletive_it_object_raising,True,False,True,False,483,-72.55841827392578,-84.63211822509766,1
Every university anticipated it to be cool that every bike could slow.,Every university has forced it to be cool that every bike could slow.,syntax_semantics,control_raising,expletive_it_object_raising,True,False,True,False,484,-84.49940490722656,-79.17301177978516,0
Peter expects it to be strange that Phillip had worked with Naomi.,Peter didn't advise it to be strange that Phillip had worked with Naomi.,syntax_semantics,control_raising,expletive_it_object_raising,True,False,True,False,485,-78.69676971435547,-83.56932830810547,1
Janice has anticipated it to be not so pleasant that the drivers attempt to communicate.,Janice presses it to be not so pleasant that the drivers attempt to communicate.,syntax_semantics,control_raising,expletive_it_object_raising,True,False,True,False,486,-93.48626708984375,-90.20718383789062,0
Scott's guests shouldn't want it to be not so surprising that Marla wasn't asking Travis to take some hat.,Scott's guests had commanded it to be not so surprising that Marla wasn't asking Travis to take some hat.,syntax_semantics,control_raising,expletive_it_object_raising,True,False,True,False,487,-129.679443359375,-133.9871826171875,1
Wendy anticipates it to be lucky that all schools aren't retaliating.,Wendy persuaded it to be lucky that all schools aren't retaliating.,syntax_semantics,control_raising,expletive_it_object_raising,True,False,True,False,488,-105.5521011352539,-91.75627136230469,0
Joel wasn't believing it to be not so pleasant that most museums talk to guests.,Joel sways it to be not so pleasant that most museums talk to guests.,syntax_semantics,control_raising,expletive_it_object_raising,True,False,True,False,489,-101.49005126953125,-105.2502212524414,1
Elizabeth discovered it to be not so funny that Candice isn't complaining about Melissa.,Elizabeth isn't commanding it to be not so funny that Candice isn't complaining about Melissa.,syntax_semantics,control_raising,expletive_it_object_raising,True,False,True,False,490,-97.01826477050781,-112.42813110351562,1
Craig's senators hadn't preferred it to be lucky that this broccoli wasn't burning.,Craig's senators were forcing it to be lucky that this broccoli wasn't burning.,syntax_semantics,control_raising,expletive_it_object_raising,True,False,True,False,491,-106.68171691894531,-99.19448852539062,0
The woman prefers it to be worth mentioning that a teacher isn't alarming George.,The woman advised it to be worth mentioning that a teacher isn't alarming George.,syntax_semantics,control_raising,expletive_it_object_raising,True,False,True,False,492,-104.65440368652344,-104.61953735351562,0
Patricia wasn't anticipating it to be cool that all committees weren't conferring.,Patricia urges it to be cool that all committees weren't conferring.,syntax_semantics,control_raising,expletive_it_object_raising,True,False,True,False,493,-119.32005310058594,-103.78829956054688,0
These pedestrians' teachers ascertain it to be lucky that Melissa yearned to exit the closets.,These pedestrians' teachers were encouraging it to be lucky that Melissa yearned to exit the closets.,syntax_semantics,control_raising,expletive_it_object_raising,True,False,True,False,494,-140.69029235839844,-136.7340087890625,0
Janet hadn't judged it to be noteworthy that some children forget about who telephone.,Janet might ask it to be noteworthy that some children forget about who telephone.,syntax_semantics,control_raising,expletive_it_object_raising,True,False,True,False,495,-104.67391967773438,-96.90794372558594,0
Most men are discovering it to be boring that these teachers confer.,Most men order it to be boring that these teachers confer.,syntax_semantics,control_raising,expletive_it_object_raising,True,False,True,False,496,-80.34083557128906,-74.7617416381836,0
Those doctors discover it to be expected that a guy brought a lot of grocery stores.,Those doctors implored it to be expected that a guy brought a lot of grocery stores.,syntax_semantics,control_raising,expletive_it_object_raising,True,False,True,False,497,-87.47833251953125,-97.51243591308594,1
The nephews of Bethany should ascertain it to be unpleasant that Samantha ascended these ladders.,The nephews of Bethany badger it to be unpleasant that Samantha ascended these ladders.,syntax_semantics,control_raising,expletive_it_object_raising,True,False,True,False,498,-144.50457763671875,-147.75123596191406,1
Ruth had needed it to be acceptable that those coats unfold.,Ruth obligated it to be acceptable that those coats unfold.,syntax_semantics,control_raising,expletive_it_object_raising,True,False,True,False,499,-89.63993835449219,-91.333251953125,1
Robert's colleagues consider it to be uninteresting that a lot of cashiers referenced Theodore.,Robert's colleagues can't require it to be uninteresting that a lot of cashiers referenced Theodore.,syntax_semantics,control_raising,expletive_it_object_raising,True,False,True,False,500,-115.28656768798828,-119.88225555419922,1
Andrew's mothers haven't believed it to be a shame that children sell most sketches.,Andrew's mothers dared it to be a shame that children sell most sketches.,syntax_semantics,control_raising,expletive_it_object_raising,True,False,True,False,501,-92.54192352294922,-86.02593994140625,0
Carol's associate didn't prefer it to be worth noting that the guy has hidden this steak.,Carol's associate pushes it to be worth noting that the guy has hidden this steak.,syntax_semantics,control_raising,expletive_it_object_raising,True,False,True,False,502,-118.34894561767578,-111.25059509277344,0
Kristen's colleagues ascertained it to be unexpected that Guy boasted about Irene.,Kristen's colleagues can require it to be unexpected that Guy boasted about Irene.,syntax_semantics,control_raising,expletive_it_object_raising,True,False,True,False,503,-127.3834457397461,-107.1761474609375,0
Many associations expect it to be not so funny that Sandra pressures Laurie to arrive at a closet.,Many associations compelled it to be not so funny that Sandra pressures Laurie to arrive at a closet.,syntax_semantics,control_raising,expletive_it_object_raising,True,False,True,False,504,-121.11918640136719,-127.41132354736328,1
Every man had wanted it to be good that Michael resembles some prints.,Every man obligated it to be good that Michael resembles some prints.,syntax_semantics,control_raising,expletive_it_object_raising,True,False,True,False,505,-77.43038940429688,-83.50323486328125,1
Most men wanted it to be unlucky that a lot of drivers telephone.,Most men induce it to be unlucky that a lot of drivers telephone.,syntax_semantics,control_raising,expletive_it_object_raising,True,False,True,False,506,-71.16012573242188,-83.07069396972656,1
Mitchell's granddaughters haven't found it to be not so clear that Caroline discovers Sally to research politics.,Mitchell's granddaughters do beg it to be not so clear that Caroline discovers Sally to research politics.,syntax_semantics,control_raising,expletive_it_object_raising,True,False,True,False,507,-149.5370635986328,-153.86029052734375,1
Heather doesn't ascertain it to be unsuprising that that skateboard can disappear.,Heather isn't tempting it to be unsuprising that that skateboard can disappear.,syntax_semantics,control_raising,expletive_it_object_raising,True,False,True,False,508,-129.5509033203125,-132.44537353515625,1
Travis's niece had expected it to be acceptable that Vincent doesn't shout.,Travis's niece would ask it to be acceptable that Vincent doesn't shout.,syntax_semantics,control_raising,expletive_it_object_raising,True,False,True,False,509,-106.69237518310547,-104.25228118896484,0
Steve believes it to be uninteresting that adults drink.,Steve was encouraging it to be uninteresting that adults drink.,syntax_semantics,control_raising,expletive_it_object_raising,True,False,True,False,510,-67.59825134277344,-73.33891296386719,1
Bradley's colleague hadn't judged it to be not so interesting that the drawings shock Catherine.,Bradley's colleague urged it to be not so interesting that the drawings shock Catherine.,syntax_semantics,control_raising,expletive_it_object_raising,True,False,True,False,511,-116.1532211303711,-103.35432434082031,0
That cousin of every actress wouldn't consider it to be not so normal that the screen brightens.,That cousin of every actress persuades it to be not so normal that the screen brightens.,syntax_semantics,control_raising,expletive_it_object_raising,True,False,True,False,512,-114.84738159179688,-134.63363647460938,1
Melanie's daughters ascertain it to be okay that every museum hasn't corresponded.,Melanie's daughters were persuading it to be okay that every museum hasn't corresponded.,syntax_semantics,control_raising,expletive_it_object_raising,True,False,True,False,513,-115.39641571044922,-126.49092102050781,1
Some patients discover it to be noteworthy that the boy might conceal Becca.,Some patients haven't tempted it to be noteworthy that the boy might conceal Becca.,syntax_semantics,control_raising,expletive_it_object_raising,True,False,True,False,514,-98.52932739257812,-106.91543579101562,1
Sharon wants it to be cool that some schools disappear.,Sharon compels it to be cool that some schools disappear.,syntax_semantics,control_raising,expletive_it_object_raising,True,False,True,False,515,-63.648963928222656,-79.44735717773438,1
Helen wants it to be unlucky that Todd can alarm Kendra.,Helen asked it to be unlucky that Todd can alarm Kendra.,syntax_semantics,control_raising,expletive_it_object_raising,True,False,True,False,516,-93.04718017578125,-93.1603775024414,1
Donna considers it to be good that that eggplant had grown.,Donna persuaded it to be good that that eggplant had grown.,syntax_semantics,control_raising,expletive_it_object_raising,True,False,True,False,517,-89.67610168457031,-87.41216278076172,0
Sherry needs it to be noteworthy that Vincent is looking like drawings.,Sherry is imploring it to be noteworthy that Vincent is looking like drawings.,syntax_semantics,control_raising,expletive_it_object_raising,True,False,True,False,518,-90.49356079101562,-107.8471908569336,1
The Borgias' husband expects it to be clear that every dancer read.,The Borgias' husband didn't press it to be clear that every dancer read.,syntax_semantics,control_raising,expletive_it_object_raising,True,False,True,False,519,-99.76028442382812,-102.42620849609375,1
Ann was wanting it to be not so bad that Curtis references Michael.,Ann advises it to be not so bad that Curtis references Michael.,syntax_semantics,control_raising,expletive_it_object_raising,True,False,True,False,520,-77.90492248535156,-78.96812438964844,1
The adult's fathers discovered it to be worth noting that Cynthia hasn't researched the Impressionists.,The adult's fathers entreated it to be worth noting that Cynthia hasn't researched the Impressionists.,syntax_semantics,control_raising,expletive_it_object_raising,True,False,True,False,521,-137.98802185058594,-159.0155029296875,1
Bruce declared it to be unfortunate that a committee hurts Gary.,Bruce shouldn't force it to be unfortunate that a committee hurts Gary.,syntax_semantics,control_raising,expletive_it_object_raising,True,False,True,False,522,-77.73822021484375,-84.45440673828125,1
Holly was discovering it to be uninteresting that Steven learns.,Holly badgers it to be uninteresting that Steven learns.,syntax_semantics,control_raising,expletive_it_object_raising,True,False,True,False,523,-83.97911071777344,-94.62364196777344,1
A man predicted it to be unsuprising that Bruce swallows.,A man has commissioned it to be unsuprising that Bruce swallows.,syntax_semantics,control_raising,expletive_it_object_raising,True,False,True,False,524,-117.27445983886719,-124.68141174316406,1
Regina has needed it to be unpleasant that a lot of gloves could shrink.,Regina asks it to be unpleasant that a lot of gloves could shrink.,syntax_semantics,control_raising,expletive_it_object_raising,True,False,True,False,525,-85.61845397949219,-79.24528503417969,0
A person ascertained it to be worth saying that Lawrence wouldn't skate around that river.,A person will beg it to be worth saying that Lawrence wouldn't skate around that river.,syntax_semantics,control_raising,expletive_it_object_raising,True,False,True,False,526,-128.58084106445312,-114.58319854736328,0
Kathleen predicted it to be not so clear that this actor entreats Tiffany to get fired.,Kathleen pressured it to be not so clear that this actor entreats Tiffany to get fired.,syntax_semantics,control_raising,expletive_it_object_raising,True,False,True,False,527,-135.05210876464844,-141.9496612548828,1
Charles might prefer it to be not so obvious that the movies sounded like Mitchell.,Charles compels it to be not so obvious that the movies sounded like Mitchell.,syntax_semantics,control_raising,expletive_it_object_raising,True,False,True,False,528,-84.72566223144531,-88.99195098876953,1
Teresa is needing it to be bad that Bethany is escaping.,Teresa can't order it to be bad that Bethany is escaping.,syntax_semantics,control_raising,expletive_it_object_raising,True,False,True,False,529,-86.4384765625,-89.45208740234375,1
William hadn't found it to be okay that Samuel benefits.,William asks it to be okay that Samuel benefits.,syntax_semantics,control_raising,expletive_it_object_raising,True,False,True,False,530,-63.31294250488281,-53.948177337646484,0
Harvard University ascertains it to be fortunate that the women aren't coping.,Harvard University convinces it to be fortunate that the women aren't coping.,syntax_semantics,control_raising,expletive_it_object_raising,True,False,True,False,531,-108.4105224609375,-101.32762145996094,0
Jacqueline's son prefers it to be worth noting that Benjamin cheered.,Jacqueline's son begged it to be worth noting that Benjamin cheered.,syntax_semantics,control_raising,expletive_it_object_raising,True,False,True,False,532,-97.86773681640625,-96.87882995605469,0
Some student might predict it to be not so normal that Meredith is studying.,Some student requires it to be not so normal that Meredith is studying.,syntax_semantics,control_raising,expletive_it_object_raising,True,False,True,False,533,-88.32955169677734,-78.8833236694336,0
Anna can find it to be not so funny that April can move.,Anna hasn't tempted it to be not so funny that April can move.,syntax_semantics,control_raising,expletive_it_object_raising,True,False,True,False,534,-71.56462097167969,-82.50149536132812,1
Synopses might anticipate it to be not so surprising that the unicycle did maneuver.,Synopses spur it to be not so surprising that the unicycle did maneuver.,syntax_semantics,control_raising,expletive_it_object_raising,True,False,True,False,535,-115.9578628540039,-110.39164733886719,0
Douglas finds it to be good that an association did debate.,Douglas pressed it to be good that an association did debate.,syntax_semantics,control_raising,expletive_it_object_raising,True,False,True,False,536,-76.77940368652344,-78.55070495605469,1
Kayla is considering it to be not so pleasant that Carlos prevents some restaurants from shocking Harvard University.,Kayla was commanding it to be not so pleasant that Carlos prevents some restaurants from shocking Harvard University.,syntax_semantics,control_raising,expletive_it_object_raising,True,False,True,False,537,-135.15911865234375,-139.50051879882812,1
Stacy had ascertained it to be not so weird that some doctors can't disagree with men.,Stacy hasn't convinced it to be not so weird that some doctors can't disagree with men.,syntax_semantics,control_raising,expletive_it_object_raising,True,False,True,False,538,-126.58839416503906,-110.98381042480469,0
Naomi discovered it to be not so surprising that a wheelbarrow rolled.,Naomi wouldn't induce it to be not so surprising that a wheelbarrow rolled.,syntax_semantics,control_raising,expletive_it_object_raising,True,False,True,False,539,-102.74236297607422,-112.06244659423828,1
A lot of teenagers haven't expected it to be not so normal that Brian washed.,A lot of teenagers wouldn't spur it to be not so normal that Brian washed.,syntax_semantics,control_raising,expletive_it_object_raising,True,False,True,False,540,-97.90420532226562,-104.08868408203125,1
Associations want it to be pleasant that Paul conceals Kristen.,Associations have tempted it to be pleasant that Paul conceals Kristen.,syntax_semantics,control_raising,expletive_it_object_raising,True,False,True,False,541,-97.49215698242188,-108.37805938720703,1
Some niece of Rose isn't discovering it to be not so important that some adults went fishing.,Some niece of Rose doesn't encourage it to be not so important that some adults went fishing.,syntax_semantics,control_raising,expletive_it_object_raising,True,False,True,False,542,-112.45313262939453,-103.74661254882812,0
These associations might judge it to be surprising that William was thinking about who shouldn't explain Vincent longs to astound Theresa.,These associations were obligating it to be surprising that William was thinking about who shouldn't explain Vincent longs to astound Theresa.,syntax_semantics,control_raising,expletive_it_object_raising,True,False,True,False,543,-171.69207763671875,-173.0817108154297,1
Ruth is wanting it to be sad that Jacqueline commands Tonya to grin.,Ruth hadn't induced it to be sad that Jacqueline commands Tonya to grin.,syntax_semantics,control_raising,expletive_it_object_raising,True,False,True,False,544,-121.7306137084961,-134.42552185058594,1
Craig's ex-wives discover it to be unfortunate that Mitchell exercised.,Craig's ex-wives had implored it to be unfortunate that Mitchell exercised.,syntax_semantics,control_raising,expletive_it_object_raising,True,False,True,False,545,-89.73492431640625,-101.84722137451172,1
Most boys predict it to be nice that Irene hadn't pressed a girl's wife to disappear.,Most boys had compelled it to be nice that Irene hadn't pressed a girl's wife to disappear.,syntax_semantics,control_raising,expletive_it_object_raising,True,False,True,False,546,-114.39006042480469,-119.61064910888672,1
Every child's podiatrists haven't expected it to be odd that the organization encouraged Kenneth to boast.,Every child's podiatrists urge it to be odd that the organization encouraged Kenneth to boast.,syntax_semantics,control_raising,expletive_it_object_raising,True,False,True,False,547,-152.03611755371094,-145.83204650878906,0
Wayne hadn't judged it to be natural that Wendy hadn't painted.,Wayne hasn't badgered it to be natural that Wendy hadn't painted.,syntax_semantics,control_raising,expletive_it_object_raising,True,False,True,False,548,-92.67057800292969,-106.10037994384766,1
Caroline preferred it to be not so weird that this sock shrinks.,Caroline has encouraged it to be not so weird that this sock shrinks.,syntax_semantics,control_raising,expletive_it_object_raising,True,False,True,False,549,-94.94962310791016,-96.66787719726562,1
Clyde had declared it to be pleasant that that screen chips.,Clyde had swayed it to be pleasant that that screen chips.,syntax_semantics,control_raising,expletive_it_object_raising,True,False,True,False,550,-98.58294677734375,-106.10396575927734,1
Brenda hasn't anticipated it to be interesting that the Clintons murmur.,Brenda requires it to be interesting that the Clintons murmur.,syntax_semantics,control_raising,expletive_it_object_raising,True,False,True,False,551,-92.49005126953125,-78.5716552734375,0
Frank wasn't declaring it to be noteworthy that Karla hadn't explained Noah shouldn't play.,Frank convinced it to be noteworthy that Karla hadn't explained Noah shouldn't play.,syntax_semantics,control_raising,expletive_it_object_raising,True,False,True,False,552,-130.9812774658203,-114.83012390136719,0
Bruce's friends had considered it to be not so surprising that many boxes did irritate Karen.,Bruce's friends have encouraged it to be not so surprising that many boxes did irritate Karen.,syntax_semantics,control_raising,expletive_it_object_raising,True,False,True,False,553,-111.73091125488281,-112.61463928222656,1
Kirsten's nieces aren't preferring it to be clear that Walter isn't doubting Amy drops by these museums.,Kirsten's nieces required it to be clear that Walter isn't doubting Amy drops by these museums.,syntax_semantics,control_raising,expletive_it_object_raising,True,False,True,False,554,-174.8028564453125,-162.77169799804688,0
Ellen discovers it to be expected that Sandra likes that high school.,Ellen does press it to be expected that Sandra likes that high school.,syntax_semantics,control_raising,expletive_it_object_raising,True,False,True,False,555,-71.12901306152344,-76.61155700683594,1
Most schools weren't finding it to be natural that Stacy hadn't learned.,Most schools persuade it to be natural that Stacy hadn't learned.,syntax_semantics,control_raising,expletive_it_object_raising,True,False,True,False,556,-82.22066497802734,-79.31629943847656,0
Carl isn't predicting it to be odd that Kimberley stands up.,Carl can't oblige it to be odd that Kimberley stands up.,syntax_semantics,control_raising,expletive_it_object_raising,True,False,True,False,557,-91.51533508300781,-102.78282165527344,1
Todd couldn't expect it to be normal that some planes roll.,Todd hasn't forced it to be normal that some planes roll.,syntax_semantics,control_raising,expletive_it_object_raising,True,False,True,False,558,-66.85485076904297,-70.70098114013672,1
Connie had considered it to be too bad that those cashiers do divorce.,Connie convinces it to be too bad that those cashiers do divorce.,syntax_semantics,control_raising,expletive_it_object_raising,True,False,True,False,559,-90.57418060302734,-98.85252380371094,1
Those associations want it to be unlucky that Carl wasn't hiding away.,Those associations are compelling it to be unlucky that Carl wasn't hiding away.,syntax_semantics,control_raising,expletive_it_object_raising,True,False,True,False,560,-79.8695068359375,-93.58824157714844,1
Steven shouldn't consider it to be not so normal that Rachel was chuckling.,Steven implored it to be not so normal that Rachel was chuckling.,syntax_semantics,control_raising,expletive_it_object_raising,True,False,True,False,561,-83.4505844116211,-88.70012664794922,1
Jesus didn't consider it to be expected that Clyde isn't continuing to shout.,Jesus isn't enticing it to be expected that Clyde isn't continuing to shout.,syntax_semantics,control_raising,expletive_it_object_raising,True,False,True,False,562,-83.26414489746094,-98.81734466552734,1
Jesus ascertains it to be not so bad that some glove should soak.,Jesus could beg it to be not so bad that some glove should soak.,syntax_semantics,control_raising,expletive_it_object_raising,True,False,True,False,563,-97.94233703613281,-84.05460357666016,0
Lawrence won't judge it to be a shame that Veronica hasn't sounded like Ruth.,Lawrence hasn't entreated it to be a shame that Veronica hasn't sounded like Ruth.,syntax_semantics,control_raising,expletive_it_object_raising,True,False,True,False,564,-95.4159164428711,-118.00635528564453,1
Monet was wanting it to be unfortunate that most cashiers can't train.,Monet is prodding it to be unfortunate that most cashiers can't train.,syntax_semantics,control_raising,expletive_it_object_raising,True,False,True,False,565,-90.37435913085938,-111.10396575927734,1
Lissa is preferring it to be lucky that some bicycles slip.,Lissa has commanded it to be lucky that some bicycles slip.,syntax_semantics,control_raising,expletive_it_object_raising,True,False,True,False,566,-86.75590515136719,-83.14579772949219,0
All nephews of most teachers were predicting it to be surprising that a person doesn't practice.,All nephews of most teachers had compelled it to be surprising that a person doesn't practice.,syntax_semantics,control_raising,expletive_it_object_raising,True,False,True,False,567,-106.13484191894531,-105.47940826416016,0
Brett preferred it to be pleasant that the Borgias swallow.,Brett obligated it to be pleasant that the Borgias swallow.,syntax_semantics,control_raising,expletive_it_object_raising,True,False,True,False,568,-103.92121887207031,-106.77603149414062,1
A lot of analyses were preferring it to be not so pleasant that most glasses dry.,A lot of analyses press it to be not so pleasant that most glasses dry.,syntax_semantics,control_raising,expletive_it_object_raising,True,False,True,False,569,-116.10844421386719,-107.41873168945312,0
The Borgias anticipated it to be nice that Alicia conceals who was daring some brother of Sara to upset a patient.,The Borgias pushed it to be nice that Alicia conceals who was daring some brother of Sara to upset a patient.,syntax_semantics,control_raising,expletive_it_object_raising,True,False,True,False,570,-181.2042236328125,-176.0665283203125,0
Nieces of these teachers hadn't believed it to be not so interesting that shirts fold.,Nieces of these teachers couldn't dare it to be not so interesting that shirts fold.,syntax_semantics,control_raising,expletive_it_object_raising,True,False,True,False,571,-121.407470703125,-116.66773986816406,0
Patricia has anticipated it to be unexpected that Connie bothered to shout.,Patricia swayed it to be unexpected that Connie bothered to shout.,syntax_semantics,control_raising,expletive_it_object_raising,True,False,True,False,572,-97.15008544921875,-96.32341003417969,0
Most guests aren't preferring it to be strange that a lot of patients should respond.,Most guests ask it to be strange that a lot of patients should respond.,syntax_semantics,control_raising,expletive_it_object_raising,True,False,True,False,573,-91.94013977050781,-73.92042541503906,0
Eva can't consider it to be not so clear that the companies haven't assembled.,Eva can prod it to be not so clear that the companies haven't assembled.,syntax_semantics,control_raising,expletive_it_object_raising,True,False,True,False,574,-79.10358428955078,-89.01119232177734,1
The children aren't finding it to be unfortunate that the teenagers watch Brad.,The children tempt it to be unfortunate that the teenagers watch Brad.,syntax_semantics,control_raising,expletive_it_object_raising,True,False,True,False,575,-84.70245361328125,-85.00611877441406,1
Lisa found it to be unpleasant that this patient yawned.,Lisa didn't induce it to be unpleasant that this patient yawned.,syntax_semantics,control_raising,expletive_it_object_raising,True,False,True,False,576,-73.11427307128906,-84.45472717285156,1
These cashiers have judged it to be fortunate that every plane has shattered.,These cashiers weren't pushing it to be fortunate that every plane has shattered.,syntax_semantics,control_raising,expletive_it_object_raising,True,False,True,False,577,-92.27356719970703,-95.36650085449219,1
Synopses haven't judged it to be not so clear that Lisa might forget James.,Synopses do urge it to be not so clear that Lisa might forget James.,syntax_semantics,control_raising,expletive_it_object_raising,True,False,True,False,578,-112.965576171875,-108.63485717773438,0
Becky isn't finding it to be funny that Holly isn't scaring some committee.,Becky pressures it to be funny that Holly isn't scaring some committee.,syntax_semantics,control_raising,expletive_it_object_raising,True,False,True,False,579,-91.805908203125,-91.65599060058594,0
Tanya hadn't considered it to be not so nice that a bank was tempting some son of Keith to notice that photograph.,Tanya implored it to be not so nice that a bank was tempting some son of Keith to notice that photograph.,syntax_semantics,control_raising,expletive_it_object_raising,True,False,True,False,580,-164.2494659423828,-168.63934326171875,1
Valerie preferred it to be funny that people walk through that hospital.,Valerie has spurred it to be funny that people walk through that hospital.,syntax_semantics,control_raising,expletive_it_object_raising,True,False,True,False,581,-75.90357208251953,-84.91099548339844,1
Sherry judges it to be expected that Eric has loved every man.,Sherry was requiring it to be expected that Eric has loved every man.,syntax_semantics,control_raising,expletive_it_object_raising,True,False,True,False,582,-92.96441650390625,-97.47007751464844,1
The governments had anticipated it to be a shame that most vases shatter.,The governments encourage it to be a shame that most vases shatter.,syntax_semantics,control_raising,expletive_it_object_raising,True,False,True,False,583,-97.17588806152344,-89.8170166015625,0
Carl's wife can anticipate it to be weird that this university was describing Natalie.,Carl's wife had obliged it to be weird that this university was describing Natalie.,syntax_semantics,control_raising,expletive_it_object_raising,True,False,True,False,584,-103.456787109375,-100.73184204101562,0
Patrick's guests would find it to be fortunate that Steve cooked.,Patrick's guests are commissioning it to be fortunate that Steve cooked.,syntax_semantics,control_raising,expletive_it_object_raising,True,False,True,False,585,-68.53724670410156,-85.58544921875,1
Mary is judging it to be good that Douglas descends every mountain.,Mary couldn't prompt it to be good that Douglas descends every mountain.,syntax_semantics,control_raising,expletive_it_object_raising,True,False,True,False,586,-96.44941711425781,-104.74327850341797,1
Carmen's mentee wouldn't declare it to be not so surprising that Ruth hadn't gotten fired.,Carmen's mentee had motivated it to be not so surprising that Ruth hadn't gotten fired.,syntax_semantics,control_raising,expletive_it_object_raising,True,False,True,False,587,-138.80572509765625,-138.66468811035156,0
These students find it to be important that Noah should spin around.,These students urged it to be important that Noah should spin around.,syntax_semantics,control_raising,expletive_it_object_raising,True,False,True,False,588,-75.09576416015625,-82.00479125976562,1
Kristen's boss anticipated it to be expected that Alan attempts to sigh.,Kristen's boss was tempting it to be expected that Alan attempts to sigh.,syntax_semantics,control_raising,expletive_it_object_raising,True,False,True,False,589,-92.45160675048828,-101.34407043457031,1
Edward is believing it to be interesting that a lot of convertibles might accelerate.,Edward badgers it to be interesting that a lot of convertibles might accelerate.,syntax_semantics,control_raising,expletive_it_object_raising,True,False,True,False,590,-103.37432098388672,-115.75132751464844,1
Amy's senators hadn't believed it to be not so pleasant that Karen succeeds.,Amy's senators won't motivate it to be not so pleasant that Karen succeeds.,syntax_semantics,control_raising,expletive_it_object_raising,True,False,True,False,591,-102.18173217773438,-102.49085998535156,1
Nancy's French teacher preferred it to be worth saying that a lot of men weren't kissing.,Nancy's French teacher didn't induce it to be worth saying that a lot of men weren't kissing.,syntax_semantics,control_raising,expletive_it_object_raising,True,False,True,False,592,-110.55647277832031,-116.91136932373047,1
Those companies predict it to be natural that Stacey is training.,Those companies weren't convincing it to be natural that Stacey is training.,syntax_semantics,control_raising,expletive_it_object_raising,True,False,True,False,593,-82.86641693115234,-89.79834747314453,1
Tracy's classmates can want it to be obvious that Harvard University has fought.,Tracy's classmates commission it to be obvious that Harvard University has fought.,syntax_semantics,control_raising,expletive_it_object_raising,True,False,True,False,594,-95.27892303466797,-102.26509857177734,1
Irene finds it to be not so weird that Adam looked like this print.,Irene does badger it to be not so weird that Adam looked like this print.,syntax_semantics,control_raising,expletive_it_object_raising,True,False,True,False,595,-91.30464172363281,-111.2403564453125,1
The Lutherans weren't predicting it to be unsuprising that a skateboard isn't tipping over.,The Lutherans entreat it to be unsuprising that a skateboard isn't tipping over.,syntax_semantics,control_raising,expletive_it_object_raising,True,False,True,False,596,-158.11094665527344,-153.82949829101562,0
Catherine's plumbers believe it to be important that Paula sighed.,Catherine's plumbers induce it to be important that Paula sighed.,syntax_semantics,control_raising,expletive_it_object_raising,True,False,True,False,597,-101.72889709472656,-104.47138977050781,1
Diana's grandsons find it to be expected that Joel hadn't scratched.,Diana's grandsons are motivating it to be expected that Joel hadn't scratched.,syntax_semantics,control_raising,expletive_it_object_raising,True,False,True,False,598,-121.03631591796875,-136.7499542236328,1
A customer shouldn't anticipate it to be noteworthy that most adults persuade Sonia to tour a lake.,A customer begs it to be noteworthy that most adults persuade Sonia to tour a lake.,syntax_semantics,control_raising,expletive_it_object_raising,True,False,True,False,599,-148.9773712158203,-139.783935546875,0
These girls believe it to be expected that Elaine disappeared.,These girls had urged it to be expected that Elaine disappeared.,syntax_semantics,control_raising,expletive_it_object_raising,True,False,True,False,600,-63.23637390136719,-70.75654602050781,1
Many men judge it to be important that that organization prefers Kenneth to mutter.,Many men were commissioning it to be important that that organization prefers Kenneth to mutter.,syntax_semantics,control_raising,expletive_it_object_raising,True,False,True,False,601,-110.06034088134766,-121.86756134033203,1
Many waiters' contractors aren't judging it to be not so clear that these boys escape.,Many waiters' contractors sway it to be not so clear that these boys escape.,syntax_semantics,control_raising,expletive_it_object_raising,True,False,True,False,602,-118.42206573486328,-111.42603302001953,0
Guy ascertains it to be cool that the Lutherans explain everything.,Guy spurs it to be cool that the Lutherans explain everything.,syntax_semantics,control_raising,expletive_it_object_raising,True,False,True,False,603,-99.50952911376953,-89.58387756347656,0
Some granddaughter of Ronald ascertains it to be unsuprising that the children haven't testified.,Some granddaughter of Ronald advises it to be unsuprising that the children haven't testified.,syntax_semantics,control_raising,expletive_it_object_raising,True,False,True,False,604,-149.5655517578125,-130.89193725585938,0
Margaret wanted it to be unusual that Kevin could oblige the driver's guest to read.,Margaret has begged it to be unusual that Kevin could oblige the driver's guest to read.,syntax_semantics,control_raising,expletive_it_object_raising,True,False,True,False,605,-107.9451675415039,-121.36151123046875,1
Most cousins of Kathleen should anticipate it to be unlucky that the Borgias have married.,Most cousins of Kathleen encouraged it to be unlucky that the Borgias have married.,syntax_semantics,control_raising,expletive_it_object_raising,True,False,True,False,606,-127.96197509765625,-115.74078369140625,0
Teresa's classmates ascertain it to be not so surprising that the unicycle tipped over.,Teresa's classmates won't entreat it to be not so surprising that the unicycle tipped over.,syntax_semantics,control_raising,expletive_it_object_raising,True,False,True,False,607,-125.98719024658203,-136.51467895507812,1
The cousins of Linda need it to be unlucky that Anne wouldn't blink.,The cousins of Linda haven't pressured it to be unlucky that Anne wouldn't blink.,syntax_semantics,control_raising,expletive_it_object_raising,True,False,True,False,608,-93.44021606445312,-111.02779388427734,1
Candice judges it to be obvious that Marcus hired Kenneth.,Candice can't push it to be obvious that Marcus hired Kenneth.,syntax_semantics,control_raising,expletive_it_object_raising,True,False,True,False,609,-88.34688568115234,-89.51211547851562,1
The people hadn't believed it to be unusual that the Lutherans expect many unicycles to maneuver.,The people would convince it to be unusual that the Lutherans expect many unicycles to maneuver.,syntax_semantics,control_raising,expletive_it_object_raising,True,False,True,False,610,-147.49334716796875,-140.5081329345703,0
Most waiters prefer it to be odd that Vanessa does appreciate Tina.,Most waiters have ordered it to be odd that Vanessa does appreciate Tina.,syntax_semantics,control_raising,expletive_it_object_raising,True,False,True,False,611,-96.34933471679688,-98.81584167480469,1
Many brothers of Alice anticipated it to be not so weird that that sock was shrinking.,Many brothers of Alice commission it to be not so weird that that sock was shrinking.,syntax_semantics,control_raising,expletive_it_object_raising,True,False,True,False,612,-110.17135620117188,-112.77354431152344,1
That thesis declared it to be unsuprising that all actresses forgot about what twists.,That thesis has asked it to be unsuprising that all actresses forgot about what twists.,syntax_semantics,control_raising,expletive_it_object_raising,True,False,True,False,613,-135.82200622558594,-134.88311767578125,0
Grace had ascertained it to be unusual that Melinda neglected to visit Sally.,Grace isn't commissioning it to be unusual that Melinda neglected to visit Sally.,syntax_semantics,control_raising,expletive_it_object_raising,True,False,True,False,614,-131.91827392578125,-126.90086364746094,0
Spain isn't anticipating it to be worth mentioning that many drivers aren't preferring a lot of shawls to fray.,Spain can command it to be worth mentioning that many drivers aren't preferring a lot of shawls to fray.,syntax_semantics,control_raising,expletive_it_object_raising,True,False,True,False,615,-150.7971649169922,-138.91497802734375,0
Regina's girlfriend expected it to be fortunate that Amelia found many skirts to crumple.,Regina's girlfriend ordered it to be fortunate that Amelia found many skirts to crumple.,syntax_semantics,control_raising,expletive_it_object_raising,True,False,True,False,616,-123.43119049072266,-120.44568634033203,0
Carlos will believe it to be unlucky that Kayla hadn't cleaned a lot of screens.,Carlos wasn't enticing it to be unlucky that Kayla hadn't cleaned a lot of screens.,syntax_semantics,control_raising,expletive_it_object_raising,True,False,True,False,617,-104.8139419555664,-118.08859252929688,1
Jane wants it to be acceptable that many customers won't struggle.,Jane has ordered it to be acceptable that many customers won't struggle.,syntax_semantics,control_raising,expletive_it_object_raising,True,False,True,False,618,-68.22970581054688,-73.95531463623047,1
April hadn't ascertained it to be unlucky that music bored Andrew.,April wasn't imploring it to be unlucky that music bored Andrew.,syntax_semantics,control_raising,expletive_it_object_raising,True,False,True,False,619,-104.6299819946289,-94.49608612060547,0
Sally's lawyers believe it to be unusual that Thomas sits down.,Sally's lawyers require it to be unusual that Thomas sits down.,syntax_semantics,control_raising,expletive_it_object_raising,True,False,True,False,620,-84.34817504882812,-82.15943145751953,0
The grandmothers of some guest anticipate it to be not so bad that girls were hugging.,The grandmothers of some guest pressured it to be not so bad that girls were hugging.,syntax_semantics,control_raising,expletive_it_object_raising,True,False,True,False,621,-110.970703125,-114.13624572753906,1
David expected it to be apparent that some mirror aggravated Jerry.,David implores it to be apparent that some mirror aggravated Jerry.,syntax_semantics,control_raising,expletive_it_object_raising,True,False,True,False,622,-89.221923828125,-107.00584411621094,1
The pedestrians' senators will discover it to be not so funny that Rodney sat down.,The pedestrians' senators haven't commissioned it to be not so funny that Rodney sat down.,syntax_semantics,control_raising,expletive_it_object_raising,True,False,True,False,623,-109.3609848022461,-115.50094604492188,1
Larry's sisters declare it to be not so surprising that Pamela might explore these mountains.,Larry's sisters induced it to be not so surprising that Pamela might explore these mountains.,syntax_semantics,control_raising,expletive_it_object_raising,True,False,True,False,624,-109.50906372070312,-109.51142883300781,1
Heather couldn't predict it to be not so clear that most actors yell.,Heather had prompted it to be not so clear that most actors yell.,syntax_semantics,control_raising,expletive_it_object_raising,True,False,True,False,625,-95.71175384521484,-95.63719177246094,0
All children can't predict it to be sad that most governments retaliated.,All children could convince it to be sad that most governments retaliated.,syntax_semantics,control_raising,expletive_it_object_raising,True,False,True,False,626,-86.14219665527344,-85.09091186523438,0
Craig's oncologist is expecting it to be surprising that most teachers dated.,Craig's oncologist motivated it to be surprising that most teachers dated.,syntax_semantics,control_raising,expletive_it_object_raising,True,False,True,False,627,-93.09315490722656,-97.57637023925781,1
Marie predicted it to be nice that Sandra might complain about Sonia.,Marie required it to be nice that Sandra might complain about Sonia.,syntax_semantics,control_raising,expletive_it_object_raising,True,False,True,False,628,-85.77263641357422,-87.01512145996094,1
Nieces of Samantha believed it to be bad that Catherine hasn't tried to disappear.,Nieces of Samantha spur it to be bad that Catherine hasn't tried to disappear.,syntax_semantics,control_raising,expletive_it_object_raising,True,False,True,False,629,-111.9873046875,-114.31098937988281,1
These children predict it to be clear that this unicycle falls apart.,These children obligate it to be clear that this unicycle falls apart.,syntax_semantics,control_raising,expletive_it_object_raising,True,False,True,False,630,-85.67784881591797,-91.23701477050781,1
Every lady is predicting it to be cool that a lot of dancers insult Emily.,Every lady does persuade it to be cool that a lot of dancers insult Emily.,syntax_semantics,control_raising,expletive_it_object_raising,True,False,True,False,631,-106.1030502319336,-100.45919799804688,0
Diane wouldn't prefer it to be worth noting that Lissa left Diane.,Diane might prompt it to be worth noting that Lissa left Diane.,syntax_semantics,control_raising,expletive_it_object_raising,True,False,True,False,632,-104.58901977539062,-114.34131622314453,1
Brenda needs it to be obvious that some sweater is flattening.,Brenda couldn't entreat it to be obvious that some sweater is flattening.,syntax_semantics,control_raising,expletive_it_object_raising,True,False,True,False,633,-77.35559844970703,-99.50475311279297,1
That man would discover it to be important that some people ascertain Thomas to practice.,That man wasn't advising it to be important that some people ascertain Thomas to practice.,syntax_semantics,control_raising,expletive_it_object_raising,True,False,True,False,634,-96.79642486572266,-106.12661743164062,1
That sister of Andrew predicts it to be unpleasant that this unicycle wasn't slowing.,That sister of Andrew requires it to be unpleasant that this unicycle wasn't slowing.,syntax_semantics,control_raising,expletive_it_object_raising,True,False,True,False,635,-119.33503723144531,-114.23201751708984,0
Cheryl isn't considering it to be expected that the Borgias weren't clashing.,Cheryl convinces it to be expected that the Borgias weren't clashing.,syntax_semantics,control_raising,expletive_it_object_raising,True,False,True,False,636,-129.91671752929688,-131.2486572265625,1
Brad doesn't find it to be lucky that Florence anticipated the eggplants to bake.,Brad commands it to be lucky that Florence anticipated the eggplants to bake.,syntax_semantics,control_raising,expletive_it_object_raising,True,False,True,False,637,-108.21576690673828,-108.59580993652344,1
Eva was finding it to be not so bad that dancers might lie.,Eva is spurring it to be not so bad that dancers might lie.,syntax_semantics,control_raising,expletive_it_object_raising,True,False,True,False,638,-70.54722595214844,-86.72479248046875,1
Gina expected it to be not so surprising that Wendy hasn't preferred Rose to slump over.,Gina orders it to be not so surprising that Wendy hasn't preferred Rose to slump over.,syntax_semantics,control_raising,expletive_it_object_raising,True,False,True,False,639,-134.1607666015625,-140.47210693359375,1
Lissa was declaring it to be clear that Holly has happened to disappear.,Lissa ordered it to be clear that Holly has happened to disappear.,syntax_semantics,control_raising,expletive_it_object_raising,True,False,True,False,640,-89.39570617675781,-77.30995178222656,0
Lori hadn't believed it to be not so interesting that Jesus forgot Richard.,Lori has convinced it to be not so interesting that Jesus forgot Richard.,syntax_semantics,control_raising,expletive_it_object_raising,True,False,True,False,641,-98.79912567138672,-93.20986938476562,0
Sara declared it to be acceptable that this pasta had wasted away.,Sara implores it to be acceptable that this pasta had wasted away.,syntax_semantics,control_raising,expletive_it_object_raising,True,False,True,False,642,-94.51426696777344,-110.40433502197266,1
Kirsten believes it to be unfortunate that James is telephoning.,Kirsten obliges it to be unfortunate that James is telephoning.,syntax_semantics,control_raising,expletive_it_object_raising,True,False,True,False,643,-93.66656494140625,-105.82823181152344,1
A person's grandsons consider it to be okay that a plane had fallen apart.,A person's grandsons wouldn't induce it to be okay that a plane had fallen apart.,syntax_semantics,control_raising,expletive_it_object_raising,True,False,True,False,644,-122.98785400390625,-131.87965393066406,1
This museum finds it to be unlucky that some photograph annoys Jodi.,This museum obligated it to be unlucky that some photograph annoys Jodi.,syntax_semantics,control_raising,expletive_it_object_raising,True,False,True,False,645,-108.23660278320312,-118.28520202636719,1
Amanda's plumber wanted it to be lucky that Irene predicts Melinda to describe these dancers.,Amanda's plumber isn't enticing it to be lucky that Irene predicts Melinda to describe these dancers.,syntax_semantics,control_raising,expletive_it_object_raising,True,False,True,False,646,-144.12939453125,-163.25869750976562,1
Ann's contractors found it to be normal that all windows haven't vanished.,Ann's contractors are enticing it to be normal that all windows haven't vanished.,syntax_semantics,control_raising,expletive_it_object_raising,True,False,True,False,647,-97.02146911621094,-111.21211242675781,1
Melinda's handymen needed it to be lucky that Erin hadn't sat down.,Melinda's handymen did tempt it to be lucky that Erin hadn't sat down.,syntax_semantics,control_raising,expletive_it_object_raising,True,False,True,False,648,-97.61317443847656,-110.97523498535156,1
Danielle couldn't find it to be not so obvious that Deanna isn't nodding.,Danielle induced it to be not so obvious that Deanna isn't nodding.,syntax_semantics,control_raising,expletive_it_object_raising,True,False,True,False,649,-100.59587860107422,-101.02790832519531,1
Cheryl's guests declared it to be noteworthy that Teresa will drop by a hospital.,Cheryl's guests command it to be noteworthy that Teresa will drop by a hospital.,syntax_semantics,control_raising,expletive_it_object_raising,True,False,True,False,650,-127.39173889160156,-131.04080200195312,1
Marla's French teacher wants it to be not so pleasant that some governments haven't dared Emily to conceal William.,Marla's French teacher was pressuring it to be not so pleasant that some governments haven't dared Emily to conceal William.,syntax_semantics,control_raising,expletive_it_object_raising,True,False,True,False,651,-147.2163848876953,-165.39926147460938,1
All analyses are anticipating it to be not so nice that Theresa hadn't painted.,All analyses commission it to be not so nice that Theresa hadn't painted.,syntax_semantics,control_raising,expletive_it_object_raising,True,False,True,False,652,-102.40422058105469,-96.57807922363281,0
Those legislatures won't find it to be not so obvious that that water melts.,Those legislatures aren't convincing it to be not so obvious that that water melts.,syntax_semantics,control_raising,expletive_it_object_raising,True,False,True,False,653,-85.77288055419922,-91.49700927734375,1
Brian considered it to be weird that many candles will fade.,Brian will entreat it to be weird that many candles will fade.,syntax_semantics,control_raising,expletive_it_object_raising,True,False,True,False,654,-71.71809387207031,-88.9500503540039,1
Some library has considered it to be bad that Melinda yawned.,Some library required it to be bad that Melinda yawned.,syntax_semantics,control_raising,expletive_it_object_raising,True,False,True,False,655,-90.04808044433594,-86.94367218017578,0
Roger's partner had judged it to be not so weird that Deanna hadn't gotten a job.,Roger's partner urged it to be not so weird that Deanna hadn't gotten a job.,syntax_semantics,control_raising,expletive_it_object_raising,True,False,True,False,656,-106.36878204345703,-101.58940124511719,0
Kristen expects it to be obvious that Patrick expects Curtis to bore Melinda.,Kristen was pressuring it to be obvious that Patrick expects Curtis to bore Melinda.,syntax_semantics,control_raising,expletive_it_object_raising,True,False,True,False,657,-116.18199157714844,-125.69841003417969,1
Curtis considers it to be odd that a cashier was examining this documentary.,Curtis compelled it to be odd that a cashier was examining this documentary.,syntax_semantics,control_raising,expletive_it_object_raising,True,False,True,False,658,-122.16030883789062,-123.44725036621094,1
That actress might consider it to be strange that this closet shut.,That actress commands it to be strange that this closet shut.,syntax_semantics,control_raising,expletive_it_object_raising,True,False,True,False,659,-78.45613098144531,-85.70185852050781,1
Most cashiers discover it to be important that the libraries can't long to disgust Matt.,Most cashiers did spur it to be important that the libraries can't long to disgust Matt.,syntax_semantics,control_raising,expletive_it_object_raising,True,False,True,False,660,-119.21625518798828,-128.29258728027344,1
Erin couldn't anticipate it to be bad that many actresses talk.,Erin wouldn't urge it to be bad that many actresses talk.,syntax_semantics,control_raising,expletive_it_object_raising,True,False,True,False,661,-76.26113891601562,-72.52632904052734,0
Denise anticipates it to be weird that Beth couldn't eat.,Denise wouldn't push it to be weird that Beth couldn't eat.,syntax_semantics,control_raising,expletive_it_object_raising,True,False,True,False,662,-87.38343811035156,-77.9072036743164,0
Joel needs it to be unusual that Andrea didn't obligate Heather to whisper.,Joel encouraged it to be unusual that Andrea didn't obligate Heather to whisper.,syntax_semantics,control_raising,expletive_it_object_raising,True,False,True,False,663,-104.96881103515625,-108.15322875976562,1
Robert's ex-boyfriends believe it to be not so nice that Jeffrey hadn't planned to bike to a college campus.,Robert's ex-boyfriends had compelled it to be not so nice that Jeffrey hadn't planned to bike to a college campus.,syntax_semantics,control_raising,expletive_it_object_raising,True,False,True,False,664,-151.81173706054688,-160.42123413085938,1
Candice anticipates it to be worth mentioning that Derek has fired Julia.,Candice was commanding it to be worth mentioning that Derek has fired Julia.,syntax_semantics,control_raising,expletive_it_object_raising,True,False,True,False,665,-109.52560424804688,-106.3852310180664,0
Most guests consider it to be not so nice that some driver is explaining Stephen dares Gregory to wake up.,Most guests are commanding it to be not so nice that some driver is explaining Stephen dares Gregory to wake up.,syntax_semantics,control_raising,expletive_it_object_raising,True,False,True,False,666,-137.18751525878906,-149.47406005859375,1
That father of this actress isn't believing it to be a shame that Sharon works with Deanna.,That father of this actress has enticed it to be a shame that Sharon works with Deanna.,syntax_semantics,control_raising,expletive_it_object_raising,True,False,True,False,667,-117.90702056884766,-122.91436004638672,1
Some dancer should declare it to be good that many guys notice that truck.,Some dancer pressures it to be good that many guys notice that truck.,syntax_semantics,control_raising,expletive_it_object_raising,True,False,True,False,668,-86.84265899658203,-90.67518615722656,1
Carolyn hasn't judged it to be not so clear that Debra might arrive at those mountains.,Carolyn was imploring it to be not so clear that Debra might arrive at those mountains.,syntax_semantics,control_raising,expletive_it_object_raising,True,False,True,False,669,-112.76013946533203,-113.86775207519531,1
Connie's dentists have considered it to be not so interesting that Jennifer has encouraged John to change.,Connie's dentists spur it to be not so interesting that Jennifer has encouraged John to change.,syntax_semantics,control_raising,expletive_it_object_raising,True,False,True,False,670,-125.2166519165039,-130.0484161376953,1
Nieces of Melissa needed it to be sad that muffins scorch.,Nieces of Melissa dare it to be sad that muffins scorch.,syntax_semantics,control_raising,expletive_it_object_raising,True,False,True,False,671,-111.82917022705078,-115.06210327148438,1
Ella judges it to be noteworthy that Marla likes to yawn.,Ella is urging it to be noteworthy that Marla likes to yawn.,syntax_semantics,control_raising,expletive_it_object_raising,True,False,True,False,672,-100.78572845458984,-103.12107849121094,1
Cheryl had discovered it to be not so normal that some dress has wrinkled.,Cheryl can't pressure it to be not so normal that some dress has wrinkled.,syntax_semantics,control_raising,expletive_it_object_raising,True,False,True,False,673,-116.30722045898438,-122.67740631103516,1
Clyde's granddaughters ascertain it to be worth noting that John preferred Allison to sigh.,Clyde's granddaughters are prodding it to be worth noting that John preferred Allison to sigh.,syntax_semantics,control_raising,expletive_it_object_raising,True,False,True,False,674,-167.61944580078125,-184.4171142578125,1
Jesus's boss wanted it to be a shame that Melissa shouldn't shock Michelle.,Jesus's boss commissioned it to be a shame that Melissa shouldn't shock Michelle.,syntax_semantics,control_raising,expletive_it_object_raising,True,False,True,False,675,-88.16746520996094,-97.73040771484375,1
Boys' mentee discovers it to be cool that Regina resembles every sketch.,Boys' mentee required it to be cool that Regina resembles every sketch.,syntax_semantics,control_raising,expletive_it_object_raising,True,False,True,False,676,-135.70489501953125,-135.43695068359375,0
Companies weren't wanting it to be not so pleasant that all boys hope to upset Jill.,Companies entice it to be not so pleasant that all boys hope to upset Jill.,syntax_semantics,control_raising,expletive_it_object_raising,True,False,True,False,677,-107.25499725341797,-111.85871124267578,1
Sara needs it to be unexpected that the students command Samuel's colleagues to praise Amy.,Sara advises it to be unexpected that the students command Samuel's colleagues to praise Amy.,syntax_semantics,control_raising,expletive_it_object_raising,True,False,True,False,678,-117.2655258178711,-123.7125015258789,1
Those schools are preferring it to be lucky that most doctors pass all public parks.,Those schools did force it to be lucky that most doctors pass all public parks.,syntax_semantics,control_raising,expletive_it_object_raising,True,False,True,False,679,-94.96620178222656,-89.00514221191406,0
Harvard University was preferring it to be worth saying that that bicycle had maneuvered.,Harvard University prods it to be worth saying that that bicycle had maneuvered.,syntax_semantics,control_raising,expletive_it_object_raising,True,False,True,False,680,-128.39889526367188,-136.13973999023438,1
Amelia believes it to be unlucky that Angela works with that driver.,Amelia was pressuring it to be unlucky that Angela works with that driver.,syntax_semantics,control_raising,expletive_it_object_raising,True,False,True,False,681,-83.62548065185547,-96.00814056396484,1
Nephews of Dawn weren't anticipating it to be not so obvious that Gina passes Harvard University.,Nephews of Dawn badger it to be not so obvious that Gina passes Harvard University.,syntax_semantics,control_raising,expletive_it_object_raising,True,False,True,False,682,-150.13633728027344,-148.2820281982422,0
Kimberley hadn't ascertained it to be not so important that customers forget about who was cheering.,Kimberley convinced it to be not so important that customers forget about who was cheering.,syntax_semantics,control_raising,expletive_it_object_raising,True,False,True,False,683,-133.10035705566406,-104.47901153564453,0
Most grandsons of Sherry are needing it to be unpleasant that Beverly had investigated Leslie.,Most grandsons of Sherry didn't prod it to be unpleasant that Beverly had investigated Leslie.,syntax_semantics,control_raising,expletive_it_object_raising,True,False,True,False,684,-132.6146697998047,-142.35183715820312,1
Richard hadn't needed it to be normal that patients donate.,Richard was pushing it to be normal that patients donate.,syntax_semantics,control_raising,expletive_it_object_raising,True,False,True,False,685,-69.60328674316406,-63.667015075683594,0
Some teachers aren't predicting it to be interesting that Thomas does order Walter's guest to stun Daniel.,Some teachers had pushed it to be interesting that Thomas does order Walter's guest to stun Daniel.,syntax_semantics,control_raising,expletive_it_object_raising,True,False,True,False,686,-140.82476806640625,-131.5931396484375,0
Aaron's sons predicted it to be cool that Raymond waved.,Aaron's sons tempt it to be cool that Raymond waved.,syntax_semantics,control_raising,expletive_it_object_raising,True,False,True,False,687,-80.28805541992188,-83.30010986328125,1
Dancers anticipate it to be obvious that Laura played.,Dancers entreat it to be obvious that Laura played.,syntax_semantics,control_raising,expletive_it_object_raising,True,False,True,False,688,-77.72238159179688,-84.5776596069336,1
A brother of Alexander needs it to be normal that Ann won't reveal Derek.,A brother of Alexander can't command it to be normal that Ann won't reveal Derek.,syntax_semantics,control_raising,expletive_it_object_raising,True,False,True,False,689,-107.11100769042969,-122.36347961425781,1
Gina wanted it to be not so weird that Gregory had slumped over.,Gina compels it to be not so weird that Gregory had slumped over.,syntax_semantics,control_raising,expletive_it_object_raising,True,False,True,False,690,-91.928955078125,-107.95818328857422,1
Carrie had predicted it to be not so clear that Monica can escape from Thomas.,Carrie encouraged it to be not so clear that Monica can escape from Thomas.,syntax_semantics,control_raising,expletive_it_object_raising,True,False,True,False,691,-99.7464828491211,-93.2806625366211,0
Barbara couldn't consider it to be weird that Andrew can't litter.,Barbara presses it to be weird that Andrew can't litter.,syntax_semantics,control_raising,expletive_it_object_raising,True,False,True,False,692,-81.53551483154297,-82.96266174316406,1
Brett's piano teachers ascertained it to be not so interesting that all blouses warp.,Brett's piano teachers implore it to be not so interesting that all blouses warp.,syntax_semantics,control_raising,expletive_it_object_raising,True,False,True,False,693,-153.40383911132812,-146.9796142578125,0
Brenda wasn't anticipating it to be sad that Donald talks.,Brenda wasn't forcing it to be sad that Donald talks.,syntax_semantics,control_raising,expletive_it_object_raising,True,False,True,False,694,-74.16921997070312,-66.54469299316406,0
Victoria didn't believe it to be boring that some sock crumples.,Victoria would order it to be boring that some sock crumples.,syntax_semantics,control_raising,expletive_it_object_raising,True,False,True,False,695,-83.23274230957031,-83.66061401367188,1
Mark can't expect it to be not so amusing that some sketches might look like Paul.,Mark implored it to be not so amusing that some sketches might look like Paul.,syntax_semantics,control_raising,expletive_it_object_raising,True,False,True,False,696,-95.38796997070312,-102.86238098144531,1
A lot of women are finding it to be normal that Julie kissed Derek.,A lot of women oblige it to be normal that Julie kissed Derek.,syntax_semantics,control_raising,expletive_it_object_raising,True,False,True,False,697,-93.77828979492188,-113.1072998046875,1
Rachelle was anticipating it to be good that Carolyn eats.,Rachelle isn't encouraging it to be good that Carolyn eats.,syntax_semantics,control_raising,expletive_it_object_raising,True,False,True,False,698,-77.5445327758789,-77.24297332763672,0
The guest discovers it to be not so clear that Candice wasn't finding those guests.,The guest asked it to be not so clear that Candice wasn't finding those guests.,syntax_semantics,control_raising,expletive_it_object_raising,True,False,True,False,699,-105.86722564697266,-100.55513763427734,0
Clyde discovers it to be noteworthy that Barbara was walking through the malls.,Clyde entreated it to be noteworthy that Barbara was walking through the malls.,syntax_semantics,control_raising,expletive_it_object_raising,True,False,True,False,700,-111.52799987792969,-127.8916015625,1
Diana shouldn't predict it to be not so clear that the legislature discovered who went to this mountain.,Diana prompted it to be not so clear that the legislature discovered who went to this mountain.,syntax_semantics,control_raising,expletive_it_object_raising,True,False,True,False,701,-121.90032196044922,-113.38296508789062,0
Tonya's mentees have judged it to be natural that the men motivate adults' ex-girlfriend to fall asleep.,Tonya's mentees haven't encouraged it to be natural that the men motivate adults' ex-girlfriend to fall asleep.,syntax_semantics,control_raising,expletive_it_object_raising,True,False,True,False,702,-160.04843139648438,-164.71363830566406,1
Vincent needs it to be not so funny that Susan is laughing.,Vincent has ordered it to be not so funny that Susan is laughing.,syntax_semantics,control_raising,expletive_it_object_raising,True,False,True,False,703,-79.32896423339844,-85.02322387695312,1
A government needs it to be not so weird that this doctor had remembered a person.,A government pushes it to be not so weird that this doctor had remembered a person.,syntax_semantics,control_raising,expletive_it_object_raising,True,False,True,False,704,-100.17182922363281,-106.00938415527344,1
The Borgias haven't needed it to be important that trucks can't maneuver.,The Borgias pressure it to be important that trucks can't maneuver.,syntax_semantics,control_raising,expletive_it_object_raising,True,False,True,False,705,-99.85564422607422,-97.90908813476562,0
Jodi expects it to be important that all guys have flirted.,Jodi does require it to be important that all guys have flirted.,syntax_semantics,control_raising,expletive_it_object_raising,True,False,True,False,706,-87.56068420410156,-90.84711456298828,1
Eric hadn't needed it to be amusing that teachers flee from Ruth.,Eric obligates it to be amusing that teachers flee from Ruth.,syntax_semantics,control_raising,expletive_it_object_raising,True,False,True,False,707,-89.86589050292969,-92.09014892578125,1
Sandra's bosses are ascertaining it to be sad that Kristen hadn't stunned Paula.,Sandra's bosses push it to be sad that Kristen hadn't stunned Paula.,syntax_semantics,control_raising,expletive_it_object_raising,True,False,True,False,708,-137.00341796875,-116.1729736328125,0
Tiffany believes it to be obvious that Suzanne had appeared to hide a lot of gloves.,Tiffany commissions it to be obvious that Suzanne had appeared to hide a lot of gloves.,syntax_semantics,control_raising,expletive_it_object_raising,True,False,True,False,709,-119.74473571777344,-125.25332641601562,1
All sons of Andrea found it to be not so surprising that many socks fold.,All sons of Andrea motivate it to be not so surprising that many socks fold.,syntax_semantics,control_raising,expletive_it_object_raising,True,False,True,False,710,-103.85139465332031,-108.24846649169922,1
Jane has anticipated it to be interesting that pedestrians play.,Jane implores it to be interesting that pedestrians play.,syntax_semantics,control_raising,expletive_it_object_raising,True,False,True,False,711,-64.69554138183594,-72.6157455444336,1
Those students haven't anticipated it to be unsuprising that Teresa failed to shock Julia.,Those students had implored it to be unsuprising that Teresa failed to shock Julia.,syntax_semantics,control_raising,expletive_it_object_raising,True,False,True,False,712,-133.6063232421875,-136.81478881835938,1
Those nieces of Renee hadn't discovered it to be acceptable that many students interacted.,Those nieces of Renee force it to be acceptable that many students interacted.,syntax_semantics,control_raising,expletive_it_object_raising,True,False,True,False,713,-127.07254028320312,-119.89073181152344,0
Ann doesn't prefer it to be unlucky that Amy has dared Amelia to tour many malls.,Ann isn't convincing it to be unlucky that Amy has dared Amelia to tour many malls.,syntax_semantics,control_raising,expletive_it_object_raising,True,False,True,False,714,-117.52494812011719,-127.64834594726562,1
Brad expects it to be not so obvious that Patrick astounded Carol.,Brad asks it to be not so obvious that Patrick astounded Carol.,syntax_semantics,control_raising,expletive_it_object_raising,True,False,True,False,715,-89.35569763183594,-84.27449035644531,0
Christina's sister wasn't expecting it to be not so pleasant that Samantha attempts to smile.,Christina's sister entreats it to be not so pleasant that Samantha attempts to smile.,syntax_semantics,control_raising,expletive_it_object_raising,True,False,True,False,716,-99.98934936523438,-111.94497680664062,1
Ruth's senators weren't judging it to be unexpected that some actress climbed up every mountain.,Ruth's senators weren't obliging it to be unexpected that some actress climbed up every mountain.,syntax_semantics,control_raising,expletive_it_object_raising,True,False,True,False,717,-135.43377685546875,-140.41151428222656,1
Todd can consider it to be noteworthy that Travis hadn't upset the Clintons.,Todd had pressed it to be noteworthy that Travis hadn't upset the Clintons.,syntax_semantics,control_raising,expletive_it_object_raising,True,False,True,False,718,-94.73939514160156,-96.86482238769531,1
Melinda needs it to be not so nice that Candice wasn't planning to clean a lot of turtles.,Melinda is begging it to be not so nice that Candice wasn't planning to clean a lot of turtles.,syntax_semantics,control_raising,expletive_it_object_raising,True,False,True,False,719,-109.77096557617188,-119.01693725585938,1
The ladies were predicting it to be sad that Monica could conceal who attempted to explore a lake.,The ladies spur it to be sad that Monica could conceal who attempted to explore a lake.,syntax_semantics,control_raising,expletive_it_object_raising,True,False,True,False,720,-124.60684204101562,-121.3582534790039,0
Clyde preferred it to be a shame that Heidi hasn't dropped by some lake.,Clyde hasn't commanded it to be a shame that Heidi hasn't dropped by some lake.,syntax_semantics,control_raising,expletive_it_object_raising,True,False,True,False,721,-117.25672912597656,-125.87630462646484,1
Theresa is finding it to be expected that Gina forgot about who hadn't interacted.,Theresa won't tempt it to be expected that Gina forgot about who hadn't interacted.,syntax_semantics,control_raising,expletive_it_object_raising,True,False,True,False,722,-104.03564453125,-115.51179504394531,1
Most governments discover it to be not so pleasant that some legislature had changed.,Most governments do push it to be not so pleasant that some legislature had changed.,syntax_semantics,control_raising,expletive_it_object_raising,True,False,True,False,723,-87.75430297851562,-88.85162353515625,1
Todd's mentee found it to be too bad that some patients have anticipated Christopher to play.,Todd's mentee could dare it to be too bad that some patients have anticipated Christopher to play.,syntax_semantics,control_raising,expletive_it_object_raising,True,False,True,False,724,-118.38575744628906,-126.46387481689453,1
The doctors would ascertain it to be noteworthy that that boy entreats some government to negotiate.,The doctors convinced it to be noteworthy that that boy entreats some government to negotiate.,syntax_semantics,control_raising,expletive_it_object_raising,True,False,True,False,725,-120.80615234375,-113.29905700683594,0
Donna wasn't declaring it to be normal that all museums discuss Natalie.,Donna presses it to be normal that all museums discuss Natalie.,syntax_semantics,control_raising,expletive_it_object_raising,True,False,True,False,726,-99.64810943603516,-91.38711547851562,0
Nina could consider it to be noteworthy that some doctors prefer Karen to descend those stairs.,Nina was commissioning it to be noteworthy that some doctors prefer Karen to descend those stairs.,syntax_semantics,control_raising,expletive_it_object_raising,True,False,True,False,727,-124.9970703125,-141.08639526367188,1
The Clintons were judging it to be not so normal that Anne compromised.,The Clintons entreated it to be not so normal that Anne compromised.,syntax_semantics,control_raising,expletive_it_object_raising,True,False,True,False,728,-95.26164245605469,-108.07777404785156,1
Carrie hadn't discovered it to be clear that some doctor hasn't trained.,Carrie motivated it to be clear that some doctor hasn't trained.,syntax_semantics,control_raising,expletive_it_object_raising,True,False,True,False,729,-83.00872039794922,-77.89584350585938,0
These mothers of most ladies have predicted it to be important that the Borgias do reveal who will mess up most public parks.,These mothers of most ladies sway it to be important that the Borgias do reveal who will mess up most public parks.,syntax_semantics,control_raising,expletive_it_object_raising,True,False,True,False,730,-161.69577026367188,-163.54092407226562,1
Kristin's partner expected it to be not so interesting that most adults describe Lori.,Kristin's partner is daring it to be not so interesting that most adults describe Lori.,syntax_semantics,control_raising,expletive_it_object_raising,True,False,True,False,731,-104.26260375976562,-118.1480712890625,1
Gina's ex-boyfriends discover it to be okay that Martha wasn't investigating who reference Tracy.,Gina's ex-boyfriends have convinced it to be okay that Martha wasn't investigating who reference Tracy.,syntax_semantics,control_raising,expletive_it_object_raising,True,False,True,False,732,-153.7957000732422,-157.77529907226562,1
Stephanie wasn't predicting it to be funny that many children were chatting.,Stephanie could press it to be funny that many children were chatting.,syntax_semantics,control_raising,expletive_it_object_raising,True,False,True,False,733,-82.78932189941406,-74.15499877929688,0
Grace's grandsons weren't discovering it to be not so pleasant that Linda does plan to cry.,Grace's grandsons beg it to be not so pleasant that Linda does plan to cry.,syntax_semantics,control_raising,expletive_it_object_raising,True,False,True,False,734,-137.94122314453125,-125.54109191894531,0
Elizabeth finds it to be not so surprising that Vincent would love Laura.,Elizabeth wasn't swaying it to be not so surprising that Vincent would love Laura.,syntax_semantics,control_raising,expletive_it_object_raising,True,False,True,False,735,-79.50548553466797,-101.26126861572266,1
Joseph anticipated it to be okay that Bill disliked Vanessa.,Joseph persuades it to be okay that Bill disliked Vanessa.,syntax_semantics,control_raising,expletive_it_object_raising,True,False,True,False,736,-76.64616394042969,-91.58934020996094,1
Victoria's dentists need it to be a shame that Laura couldn't annoy Patrick.,Victoria's dentists have badgered it to be a shame that Laura couldn't annoy Patrick.,syntax_semantics,control_raising,expletive_it_object_raising,True,False,True,False,737,-97.53750610351562,-119.61771392822266,1
Aaron doesn't judge it to be clear that Maria has judged Sheila to leave Rose.,Aaron isn't prompting it to be clear that Maria has judged Sheila to leave Rose.,syntax_semantics,control_raising,expletive_it_object_raising,True,False,True,False,738,-107.04244995117188,-110.68685150146484,1
All guys have needed it to be pleasant that Theresa might scratch.,All guys haven't commissioned it to be pleasant that Theresa might scratch.,syntax_semantics,control_raising,expletive_it_object_raising,True,False,True,False,739,-79.0493392944336,-87.4722900390625,1
Vincent had believed it to be worth noting that Melissa is disturbing these cashiers.,Vincent had enticed it to be worth noting that Melissa is disturbing these cashiers.,syntax_semantics,control_raising,expletive_it_object_raising,True,False,True,False,740,-121.13290405273438,-132.07481384277344,1
This senator hadn't judged it to be not so surprising that most mushrooms went bad.,This senator isn't tempting it to be not so surprising that most mushrooms went bad.,syntax_semantics,control_raising,expletive_it_object_raising,True,False,True,False,741,-106.80793762207031,-108.30217742919922,1
Tanya's granddaughter prefers it to be not so nice that that man shouldn't reveal Jodi.,Tanya's granddaughter commissions it to be not so nice that that man shouldn't reveal Jodi.,syntax_semantics,control_raising,expletive_it_object_raising,True,False,True,False,742,-130.0769500732422,-135.96388244628906,1
Katherine's wife does need it to be acceptable that Diana had walked through that grocery store.,Katherine's wife persuaded it to be acceptable that Diana had walked through that grocery store.,syntax_semantics,control_raising,expletive_it_object_raising,True,False,True,False,743,-108.2592544555664,-105.75730895996094,0
Sandra's students anticipated it to be unusual that most pedestrians embraced.,Sandra's students persuade it to be unusual that most pedestrians embraced.,syntax_semantics,control_raising,expletive_it_object_raising,True,False,True,False,744,-100.23947143554688,-98.56512451171875,0
William anticipates it to be not so normal that Benjamin hasn't spun around.,William had required it to be not so normal that Benjamin hasn't spun around.,syntax_semantics,control_raising,expletive_it_object_raising,True,False,True,False,745,-100.91282653808594,-94.1407699584961,0
John wanted it to be natural that Maria will want a patient to discuss Katherine.,John might entice it to be natural that Maria will want a patient to discuss Katherine.,syntax_semantics,control_raising,expletive_it_object_raising,True,False,True,False,746,-95.23080444335938,-122.69912719726562,1
A lot of teenagers are preferring it to be worth mentioning that guests didn't hug.,A lot of teenagers compel it to be worth mentioning that guests didn't hug.,syntax_semantics,control_raising,expletive_it_object_raising,True,False,True,False,747,-110.78284454345703,-111.6259536743164,1
William would anticipate it to be surprising that Sarah revealed who isn't happening to attack Eric.,William is inducing it to be surprising that Sarah revealed who isn't happening to attack Eric.,syntax_semantics,control_raising,expletive_it_object_raising,True,False,True,False,748,-114.14643096923828,-114.63674926757812,1
The Clintons predict it to be worth mentioning that David might argue.,The Clintons can persuade it to be worth mentioning that David might argue.,syntax_semantics,control_raising,expletive_it_object_raising,True,False,True,False,749,-93.33702850341797,-95.14569091796875,1
Kristen's ex-husband believes it to be worth saying that Laura forgot about who confuses Deborah.,Kristen's ex-husband is enticing it to be worth saying that Laura forgot about who confuses Deborah.,syntax_semantics,control_raising,expletive_it_object_raising,True,False,True,False,750,-128.34295654296875,-141.1941375732422,1
Martha has declared it to be not so normal that those shirts hadn't soaked.,Martha isn't daring it to be not so normal that those shirts hadn't soaked.,syntax_semantics,control_raising,expletive_it_object_raising,True,False,True,False,751,-97.9161148071289,-108.365234375,1
Pedestrians believe it to be unexpected that all trucks would accelerate.,Pedestrians convinced it to be unexpected that all trucks would accelerate.,syntax_semantics,control_raising,expletive_it_object_raising,True,False,True,False,752,-91.09300231933594,-91.9515380859375,1
Kristin's ex-girlfriend was predicting it to be not so important that Sally fled from the Clintons.,Kristin's ex-girlfriend persuaded it to be not so important that Sally fled from the Clintons.,syntax_semantics,control_raising,expletive_it_object_raising,True,False,True,False,753,-126.77440643310547,-114.97493743896484,0
Most students haven't preferred it to be not so interesting that these people won.,Most students weren't persuading it to be not so interesting that these people won.,syntax_semantics,control_raising,expletive_it_object_raising,True,False,True,False,754,-75.82776641845703,-95.76818084716797,1
Phillip had judged it to be apparent that these children had passed most restaurants.,Phillip was requiring it to be apparent that these children had passed most restaurants.,syntax_semantics,control_raising,expletive_it_object_raising,True,False,True,False,755,-93.8863296508789,-96.06564331054688,1
That person was expecting it to be not so clear that a window closes.,That person urged it to be not so clear that a window closes.,syntax_semantics,control_raising,expletive_it_object_raising,True,False,True,False,756,-77.09481048583984,-80.56312561035156,1
Rodney's girlfriend hasn't discovered it to be boring that every cucumber did bake.,Rodney's girlfriend commands it to be boring that every cucumber did bake.,syntax_semantics,control_raising,expletive_it_object_raising,True,False,True,False,757,-106.58775329589844,-107.63951873779297,1
Many schools might prefer it to be worth mentioning that those committees had communicated.,Many schools prod it to be worth mentioning that those committees had communicated.,syntax_semantics,control_raising,expletive_it_object_raising,True,False,True,False,758,-90.11446380615234,-99.12934875488281,1
Liam preferred it to be fortunate that Julie criticizes William.,Liam hasn't begged it to be fortunate that Julie criticizes William.,syntax_semantics,control_raising,expletive_it_object_raising,True,False,True,False,759,-94.39811706542969,-102.03302001953125,1
Julie had discovered it to be interesting that Sarah badgered Candice's classmate to arrive at some high schools.,Julie has compelled it to be interesting that Sarah badgered Candice's classmate to arrive at some high schools.,syntax_semantics,control_raising,expletive_it_object_raising,True,False,True,False,760,-152.78150939941406,-158.93853759765625,1
Margaret preferred it to be boring that the boxes haven't shut.,Margaret couldn't motivate it to be boring that the boxes haven't shut.,syntax_semantics,control_raising,expletive_it_object_raising,True,False,True,False,761,-76.83528137207031,-87.20570373535156,1
That brother of Pamela wants it to be worth mentioning that the shawl won't shrink.,That brother of Pamela convinced it to be worth mentioning that the shawl won't shrink.,syntax_semantics,control_raising,expletive_it_object_raising,True,False,True,False,762,-121.6103286743164,-128.20814514160156,1
Bill wasn't judging it to be worth saying that all waiters watch Steve.,Bill requires it to be worth saying that all waiters watch Steve.,syntax_semantics,control_raising,expletive_it_object_raising,True,False,True,False,763,-101.95866394042969,-89.61288452148438,0
Holly's fathers hadn't considered it to be cool that Christopher couldn't grin.,Holly's fathers induced it to be cool that Christopher couldn't grin.,syntax_semantics,control_raising,expletive_it_object_raising,True,False,True,False,764,-105.19373321533203,-99.08692932128906,0
Stacey hadn't believed it to be worth noting that restaurants confuse Emily.,Stacey encourages it to be worth noting that restaurants confuse Emily.,syntax_semantics,control_raising,expletive_it_object_raising,True,False,True,False,765,-112.7937240600586,-106.30227661132812,0
Caroline ascertained it to be natural that Heather has studied.,Caroline has obliged it to be natural that Heather has studied.,syntax_semantics,control_raising,expletive_it_object_raising,True,False,True,False,766,-91.44033813476562,-82.96568298339844,0
Tina's podiatrists expect it to be too bad that these dancers kissed.,Tina's podiatrists do encourage it to be too bad that these dancers kissed.,syntax_semantics,control_raising,expletive_it_object_raising,True,False,True,False,767,-126.91841125488281,-135.75088500976562,1
Tammy considered it to be clear that Travis should listen to David.,Tammy commands it to be clear that Travis should listen to David.,syntax_semantics,control_raising,expletive_it_object_raising,True,False,True,False,768,-73.48538208007812,-81.40072631835938,1
Sonia judges it to be not so normal that the Impressionists observe Gregory.,Sonia hasn't advised it to be not so normal that the Impressionists observe Gregory.,syntax_semantics,control_raising,expletive_it_object_raising,True,False,True,False,769,-123.04438018798828,-125.14897918701172,1
Those companies were ascertaining it to be nice that Elizabeth can't lie.,Those companies ordered it to be nice that Elizabeth can't lie.,syntax_semantics,control_raising,expletive_it_object_raising,True,False,True,False,770,-86.23313903808594,-65.4089126586914,0
Alicia judged it to be not so interesting that Linda investigates who aren't yawning.,Alicia pressured it to be not so interesting that Linda investigates who aren't yawning.,syntax_semantics,control_raising,expletive_it_object_raising,True,False,True,False,771,-130.8333740234375,-136.73806762695312,1
Dennis's grandfather declared it to be not so pleasant that these people haven't surrendered.,Dennis's grandfather obligates it to be not so pleasant that these people haven't surrendered.,syntax_semantics,control_raising,expletive_it_object_raising,True,False,True,False,772,-99.265869140625,-112.73619079589844,1
Sabrina's cousins haven't wanted it to be not so obvious that most companies talk about Derek.,Sabrina's cousins can't tempt it to be not so obvious that most companies talk about Derek.,syntax_semantics,control_raising,expletive_it_object_raising,True,False,True,False,773,-105.07505798339844,-109.64778137207031,1
Kimberley judged it to be sad that those customers discuss every man.,Kimberley should require it to be sad that those customers discuss every man.,syntax_semantics,control_raising,expletive_it_object_raising,True,False,True,False,774,-89.48443603515625,-91.6295166015625,1
Lisa doesn't find it to be amusing that some waiter telephoned.,Lisa had ordered it to be amusing that some waiter telephoned.,syntax_semantics,control_raising,expletive_it_object_raising,True,False,True,False,775,-84.4150390625,-84.43064880371094,1
The guy's granddaughter judged it to be nice that Stephen wishes to pass that hill.,The guy's granddaughter pushes it to be nice that Stephen wishes to pass that hill.,syntax_semantics,control_raising,expletive_it_object_raising,True,False,True,False,776,-102.6148910522461,-99.88483428955078,0
Some guests' plumbers wanted it to be not so funny that many hospitals communicated.,Some guests' plumbers compel it to be not so funny that many hospitals communicated.,syntax_semantics,control_raising,expletive_it_object_raising,True,False,True,False,777,-105.88249969482422,-119.89480590820312,1
Nina's nieces haven't expected it to be a shame that Monica had tempted Beverly to question Monica.,Nina's nieces haven't convinced it to be a shame that Monica had tempted Beverly to question Monica.,syntax_semantics,control_raising,expletive_it_object_raising,True,False,True,False,778,-158.968505859375,-161.96258544921875,1
Every guy's mentees will find it to be not so normal that Omar ate.,Every guy's mentees commanded it to be not so normal that Omar ate.,syntax_semantics,control_raising,expletive_it_object_raising,True,False,True,False,779,-108.97759246826172,-110.785400390625,1
Laurie expects it to be not so funny that this committee had disliked Douglas.,Laurie was pressuring it to be not so funny that this committee had disliked Douglas.,syntax_semantics,control_raising,expletive_it_object_raising,True,False,True,False,780,-106.29198455810547,-116.75374603271484,1
Many brothers of Eva can't believe it to be not so bad that that coat crumples.,Many brothers of Eva prod it to be not so bad that that coat crumples.,syntax_semantics,control_raising,expletive_it_object_raising,True,False,True,False,781,-113.01187133789062,-118.16656494140625,1
Every girl is expecting it to be too bad that a teenager hadn't lied.,Every girl prodded it to be too bad that a teenager hadn't lied.,syntax_semantics,control_raising,expletive_it_object_raising,True,False,True,False,782,-77.46337890625,-92.01155853271484,1
Curtis's piano teachers don't expect it to be not so funny that these cashiers yawn.,Curtis's piano teachers dare it to be not so funny that these cashiers yawn.,syntax_semantics,control_raising,expletive_it_object_raising,True,False,True,False,783,-134.29916381835938,-135.90847778320312,1
John wasn't declaring it to be not so obvious that Jodi is driving to the movie theater.,John prompted it to be not so obvious that Jodi is driving to the movie theater.,syntax_semantics,control_raising,expletive_it_object_raising,True,False,True,False,784,-110.76426696777344,-97.34306335449219,0
Gerald's nieces wanted it to be apparent that all cashiers plan to irritate many universities.,Gerald's nieces hadn't begged it to be apparent that all cashiers plan to irritate many universities.,syntax_semantics,control_raising,expletive_it_object_raising,True,False,True,False,785,-153.30502319335938,-169.32916259765625,1
Benjamin believed it to be bad that Anna had woken up.,Benjamin was obliging it to be bad that Anna had woken up.,syntax_semantics,control_raising,expletive_it_object_raising,True,False,True,False,786,-75.87293243408203,-90.3978271484375,1
Timothy couldn't prefer it to be fortunate that the Lutherans climb up mountains.,Timothy compels it to be fortunate that the Lutherans climb up mountains.,syntax_semantics,control_raising,expletive_it_object_raising,True,False,True,False,787,-100.34440612792969,-103.76708984375,1
Gina has ascertained it to be uninteresting that this school asked Carol to find James.,Gina was spurring it to be uninteresting that this school asked Carol to find James.,syntax_semantics,control_raising,expletive_it_object_raising,True,False,True,False,788,-142.495361328125,-132.60313415527344,0
Ronald hasn't judged it to be funny that Craig laughed.,Ronald wouldn't dare it to be funny that Craig laughed.,syntax_semantics,control_raising,expletive_it_object_raising,True,False,True,False,789,-77.79934692382812,-73.999267578125,0
Lucille preferred it to be good that some girl is departing.,Lucille compels it to be good that some girl is departing.,syntax_semantics,control_raising,expletive_it_object_raising,True,False,True,False,790,-74.24591064453125,-82.38292694091797,1
Meredith is believing it to be too bad that every mouth wasn't flinging open.,Meredith obliges it to be too bad that every mouth wasn't flinging open.,syntax_semantics,control_raising,expletive_it_object_raising,True,False,True,False,791,-104.86773681640625,-109.4891586303711,1
Jessica can anticipate it to be fortunate that all snakes climb down many slopes.,Jessica badgered it to be fortunate that all snakes climb down many slopes.,syntax_semantics,control_raising,expletive_it_object_raising,True,False,True,False,792,-102.88516235351562,-105.0225830078125,1
That man predicts it to be noteworthy that David finds out who believe Travis to chuckle.,That man motivated it to be noteworthy that David finds out who believe Travis to chuckle.,syntax_semantics,control_raising,expletive_it_object_raising,True,False,True,False,793,-122.20819091796875,-117.1849136352539,0
That person isn't considering it to be not so obvious that Samuel hadn't explored some college campus.,That person urged it to be not so obvious that Samuel hadn't explored some college campus.,syntax_semantics,control_raising,expletive_it_object_raising,True,False,True,False,794,-119.15275573730469,-112.89482879638672,0
Some museums hadn't believed it to be not so interesting that some cilantro went bad.,Some museums dare it to be not so interesting that some cilantro went bad.,syntax_semantics,control_raising,expletive_it_object_raising,True,False,True,False,795,-110.80186462402344,-100.48589324951172,0
A lot of guys prefer it to be interesting that Tammy sang.,A lot of guys persuade it to be interesting that Tammy sang.,syntax_semantics,control_raising,expletive_it_object_raising,True,False,True,False,796,-79.21841430664062,-83.88789367675781,1
These drivers ascertained it to be unusual that some committees neglected to move.,These drivers wouldn't convince it to be unusual that some committees neglected to move.,syntax_semantics,control_raising,expletive_it_object_raising,True,False,True,False,797,-106.1540298461914,-92.98100280761719,0
Carla's partners have declared it to be weird that Heather exists.,Carla's partners entreat it to be weird that Heather exists.,syntax_semantics,control_raising,expletive_it_object_raising,True,False,True,False,798,-80.70655822753906,-92.01625061035156,1
Vincent expects it to be not so pleasant that those mushrooms vanish.,Vincent was begging it to be not so pleasant that those mushrooms vanish.,syntax_semantics,control_raising,expletive_it_object_raising,True,False,True,False,799,-92.40670013427734,-96.93624877929688,1
All customers were declaring it to be not so important that Frank referenced Phillip.,All customers compel it to be not so important that Frank referenced Phillip.,syntax_semantics,control_raising,expletive_it_object_raising,True,False,True,False,800,-96.35989379882812,-101.60308074951172,1
That driver has expected it to be not so surprising that the actors spin around.,That driver prodded it to be not so surprising that the actors spin around.,syntax_semantics,control_raising,expletive_it_object_raising,True,False,True,False,801,-91.61270141601562,-106.15994262695312,1
Cynthia's handymen hadn't judged it to be acceptable that some people see.,Cynthia's handymen should advise it to be acceptable that some people see.,syntax_semantics,control_raising,expletive_it_object_raising,True,False,True,False,802,-119.9605712890625,-111.22476196289062,0
Sharon expects it to be boring that a lot of actresses weren't surrendering.,Sharon hasn't required it to be boring that a lot of actresses weren't surrendering.,syntax_semantics,control_raising,expletive_it_object_raising,True,False,True,False,803,-94.28652954101562,-104.11404418945312,1
Many students expect it to be not so surprising that Galileo might go fishing.,Many students motivated it to be not so surprising that Galileo might go fishing.,syntax_semantics,control_raising,expletive_it_object_raising,True,False,True,False,804,-85.42120361328125,-91.61750030517578,1
Nicole's best friend hadn't needed it to be expected that Walter has prevented this bread from embarrassing Jane.,Nicole's best friend could oblige it to be expected that Walter has prevented this bread from embarrassing Jane.,syntax_semantics,control_raising,expletive_it_object_raising,True,False,True,False,805,-143.4127960205078,-153.65914916992188,1
Elaine has considered it to be acceptable that Galileo did care for Marla.,Elaine swayed it to be acceptable that Galileo did care for Marla.,syntax_semantics,control_raising,expletive_it_object_raising,True,False,True,False,806,-103.3114013671875,-108.03741455078125,1
These children want it to be nice that Patrick is coughing.,These children weren't tempting it to be nice that Patrick is coughing.,syntax_semantics,control_raising,expletive_it_object_raising,True,False,True,False,807,-59.50719451904297,-79.8759994506836,1
Most theses find it to be interesting that some reports disagree with Derek.,Most theses could entice it to be interesting that some reports disagree with Derek.,syntax_semantics,control_raising,expletive_it_object_raising,True,False,True,False,808,-91.439697265625,-111.92437744140625,1
Benjamin does anticipate it to be unexpected that Eva had baked.,Benjamin was ordering it to be unexpected that Eva had baked.,syntax_semantics,control_raising,expletive_it_object_raising,True,False,True,False,809,-89.08875274658203,-82.13983917236328,0
Katherine's classmates should judge it to be worth noting that that guy had boasted about Nancy.,Katherine's classmates haven't persuaded it to be worth noting that that guy had boasted about Nancy.,syntax_semantics,control_raising,expletive_it_object_raising,True,False,True,False,810,-126.91253662109375,-128.9539794921875,1
Jacqueline should need it to be unlucky that Jerry boasted about Dana.,Jacqueline is convincing it to be unlucky that Jerry boasted about Dana.,syntax_semantics,control_raising,expletive_it_object_raising,True,False,True,False,811,-100.68730926513672,-105.82357788085938,1
Those people aren't preferring it to be obvious that Tara hasn't ascended most hills.,Those people convince it to be obvious that Tara hasn't ascended most hills.,syntax_semantics,control_raising,expletive_it_object_raising,True,False,True,False,812,-105.627685546875,-96.13014221191406,0
John's guest ascertains it to be not so clear that the screen had faded.,John's guest can't dare it to be not so clear that the screen had faded.,syntax_semantics,control_raising,expletive_it_object_raising,True,False,True,False,813,-107.93777465820312,-92.8829574584961,0
Lucille had discovered it to be worth noting that most girls scream.,Lucille entices it to be worth noting that most girls scream.,syntax_semantics,control_raising,expletive_it_object_raising,True,False,True,False,814,-88.2342758178711,-100.55426025390625,1
Valerie anticipates it to be noteworthy that these universities surrendered.,Valerie had ordered it to be noteworthy that these universities surrendered.,syntax_semantics,control_raising,expletive_it_object_raising,True,False,True,False,815,-97.42342376708984,-81.18843841552734,0
Claire is preferring it to be acceptable that many boys don't meet.,Claire was encouraging it to be acceptable that many boys don't meet.,syntax_semantics,control_raising,expletive_it_object_raising,True,False,True,False,816,-86.21485137939453,-78.93206787109375,0
Edward isn't needing it to be not so pleasant that Maria was escaping from Holly.,Edward hadn't pressed it to be not so pleasant that Maria was escaping from Holly.,syntax_semantics,control_raising,expletive_it_object_raising,True,False,True,False,817,-96.22897338867188,-98.642822265625,1
Every thesis considers it to be funny that most men pass some cafes.,Every thesis won't sway it to be funny that most men pass some cafes.,syntax_semantics,control_raising,expletive_it_object_raising,True,False,True,False,818,-93.68241882324219,-103.23667907714844,1
Gregory finds it to be not so interesting that the legislatures couldn't look to argue about Ronald.,Gregory badgers it to be not so interesting that the legislatures couldn't look to argue about Ronald.,syntax_semantics,control_raising,expletive_it_object_raising,True,False,True,False,819,-110.88949584960938,-131.2652130126953,1
Carolyn's oncologists are expecting it to be not so normal that a lot of committees proved to ascend the slope.,Carolyn's oncologists required it to be not so normal that a lot of committees proved to ascend the slope.,syntax_semantics,control_raising,expletive_it_object_raising,True,False,True,False,820,-148.32815551757812,-148.64520263671875,1
Barbara's nephew has declared it to be not so obvious that that company hasn't proposed to react.,Barbara's nephew badgers it to be not so obvious that that company hasn't proposed to react.,syntax_semantics,control_raising,expletive_it_object_raising,True,False,True,False,821,-110.59322357177734,-127.2624740600586,1
Irene was declaring it to be okay that Monet is suffering.,Irene does oblige it to be okay that Monet is suffering.,syntax_semantics,control_raising,expletive_it_object_raising,True,False,True,False,822,-86.57911682128906,-103.11719512939453,1
Theodore's mentees ascertain it to be bad that some bananas blacken.,Theodore's mentees pushed it to be bad that some bananas blacken.,syntax_semantics,control_raising,expletive_it_object_raising,True,False,True,False,823,-124.93805694580078,-114.61961364746094,0
Most grandsons of Larry judge it to be expected that this boy worries.,Most grandsons of Larry pressured it to be expected that this boy worries.,syntax_semantics,control_raising,expletive_it_object_raising,True,False,True,False,824,-107.23841857910156,-111.95510864257812,1
Keith isn't declaring it to be interesting that a waiter isn't finding Curtis.,Keith was compelling it to be interesting that a waiter isn't finding Curtis.,syntax_semantics,control_raising,expletive_it_object_raising,True,False,True,False,825,-91.95062255859375,-88.53804779052734,0
Carrie finds it to be unsuprising that most senators had slumped over.,Carrie hasn't implored it to be unsuprising that most senators had slumped over.,syntax_semantics,control_raising,expletive_it_object_raising,True,False,True,False,826,-124.87371826171875,-143.22572326660156,1
All actresses have expected it to be nice that Vanessa entreats that waiter to shout.,All actresses convince it to be nice that Vanessa entreats that waiter to shout.,syntax_semantics,control_raising,expletive_it_object_raising,True,False,True,False,827,-117.17942810058594,-118.88951873779297,1
That patient's employee declares it to be pleasant that that boy learned.,That patient's employee is pushing it to be pleasant that that boy learned.,syntax_semantics,control_raising,expletive_it_object_raising,True,False,True,False,828,-90.6937026977539,-86.32818603515625,0
Stacy's sister hadn't preferred it to be sad that the Impressionists aren't worrying.,Stacy's sister was prodding it to be sad that the Impressionists aren't worrying.,syntax_semantics,control_raising,expletive_it_object_raising,True,False,True,False,829,-119.84187316894531,-138.73313903808594,1
The Lutherans believe it to be odd that Jill is chuckling.,The Lutherans pushed it to be odd that Jill is chuckling.,syntax_semantics,control_raising,expletive_it_object_raising,True,False,True,False,830,-95.18630981445312,-92.75721740722656,0
Jerry judges it to be not so clear that Cheryl won't mess up cafes.,Jerry obliges it to be not so clear that Cheryl won't mess up cafes.,syntax_semantics,control_raising,expletive_it_object_raising,True,False,True,False,831,-98.79180908203125,-105.01176452636719,1
David is judging it to be not so amusing that a plane tips over.,David dares it to be not so amusing that a plane tips over.,syntax_semantics,control_raising,expletive_it_object_raising,True,False,True,False,832,-85.23887634277344,-89.25533294677734,1
Keith was judging it to be not so good that all girls like all cars.,Keith doesn't sway it to be not so good that all girls like all cars.,syntax_semantics,control_raising,expletive_it_object_raising,True,False,True,False,833,-77.78150939941406,-82.13514709472656,1
A daughter of Regina anticipated it to be worth mentioning that Kayla bothers to argue about Samantha.,A daughter of Regina isn't prodding it to be worth mentioning that Kayla bothers to argue about Samantha.,syntax_semantics,control_raising,expletive_it_object_raising,True,False,True,False,834,-151.1524658203125,-179.6397705078125,1
Karla's employee wanted it to be pleasant that Gregory looks to sell some sweater.,Karla's employee badgered it to be pleasant that Gregory looks to sell some sweater.,syntax_semantics,control_raising,expletive_it_object_raising,True,False,True,False,835,-103.39055633544922,-125.65113830566406,1
Amelia's father was considering it to be weird that Emily isn't sighing.,Amelia's father wasn't prompting it to be weird that Emily isn't sighing.,syntax_semantics,control_raising,expletive_it_object_raising,True,False,True,False,836,-96.88005065917969,-106.38446807861328,1
Carla wasn't needing it to be worth saying that Marla exited this school.,Carla doesn't badger it to be worth saying that Marla exited this school.,syntax_semantics,control_raising,expletive_it_object_raising,True,False,True,False,837,-95.93601989746094,-109.92088317871094,1
Spain needs it to be cool that Cynthia helped Donald.,Spain won't pressure it to be cool that Cynthia helped Donald.,syntax_semantics,control_raising,expletive_it_object_raising,True,False,True,False,838,-70.29864501953125,-88.08478546142578,1
Noah's classmates hadn't discovered it to be acceptable that Jason hasn't gone fishing.,Noah's classmates oblige it to be acceptable that Jason hasn't gone fishing.,syntax_semantics,control_raising,expletive_it_object_raising,True,False,True,False,839,-113.42810821533203,-124.07197570800781,1
Cindy wasn't preferring it to be unlucky that William yawned.,Cindy pushed it to be unlucky that William yawned.,syntax_semantics,control_raising,expletive_it_object_raising,True,False,True,False,840,-105.50260925292969,-89.43749237060547,0
All nieces of Kimberley declare it to be unpleasant that many customers flee from many cashiers.,All nieces of Kimberley hadn't induced it to be unpleasant that many customers flee from many cashiers.,syntax_semantics,control_raising,expletive_it_object_raising,True,False,True,False,841,-160.6945343017578,-167.48329162597656,1
Elaine is needing it to be not so surprising that Stacey distracted some library.,Elaine is persuading it to be not so surprising that Stacey distracted some library.,syntax_semantics,control_raising,expletive_it_object_raising,True,False,True,False,842,-111.29093170166016,-131.73910522460938,1
These boys weren't ascertaining it to be unpleasant that Joel ran around a lot of movie theaters.,These boys obligated it to be unpleasant that Joel ran around a lot of movie theaters.,syntax_semantics,control_raising,expletive_it_object_raising,True,False,True,False,843,-123.9985122680664,-105.49676513671875,0
Some library had believed it to be not so weird that Becca has listened to Matt.,Some library hadn't commanded it to be not so weird that Becca has listened to Matt.,syntax_semantics,control_raising,expletive_it_object_raising,True,False,True,False,844,-110.40482330322266,-115.80944061279297,1
That grandson of Rhonda discovers it to be interesting that those coats shrank.,That grandson of Rhonda has forced it to be interesting that those coats shrank.,syntax_semantics,control_raising,expletive_it_object_raising,True,False,True,False,845,-113.05024719238281,-110.41177368164062,0
Most companies believed it to be worth mentioning that most doctors talk about Rhonda.,Most companies badger it to be worth mentioning that most doctors talk about Rhonda.,syntax_semantics,control_raising,expletive_it_object_raising,True,False,True,False,846,-98.98670959472656,-112.75474548339844,1
Katherine judges it to be worth saying that some waiter discovered actresses to testify.,Katherine dares it to be worth saying that some waiter discovered actresses to testify.,syntax_semantics,control_raising,expletive_it_object_raising,True,False,True,False,847,-109.981201171875,-114.21109008789062,1
Douglas's nephew might consider it to be acceptable that some light hadn't dimmed.,Douglas's nephew commissions it to be acceptable that some light hadn't dimmed.,syntax_semantics,control_raising,expletive_it_object_raising,True,False,True,False,848,-106.12184143066406,-112.49613189697266,1
The student could discover it to be not so nice that Travis was remembering who revealed that ladder.,The student isn't spurring it to be not so nice that Travis was remembering who revealed that ladder.,syntax_semantics,control_raising,expletive_it_object_raising,True,False,True,False,849,-118.20508575439453,-132.6953582763672,1
The Lutherans aren't wanting it to be okay that Christopher suffers.,The Lutherans entice it to be okay that Christopher suffers.,syntax_semantics,control_raising,expletive_it_object_raising,True,False,True,False,850,-85.62423706054688,-96.47602081298828,1
Samuel can prefer it to be not so important that the Borgias reveal some screen.,Samuel wasn't ordering it to be not so important that the Borgias reveal some screen.,syntax_semantics,control_raising,expletive_it_object_raising,True,False,True,False,851,-111.20155334472656,-116.81629943847656,1
All museums preferred it to be unusual that Laura runs around those closets.,All museums have urged it to be unusual that Laura runs around those closets.,syntax_semantics,control_raising,expletive_it_object_raising,True,False,True,False,852,-99.68521118164062,-103.77134704589844,1
Beverly declared it to be not so nice that Lawrence isn't hiding the restaurant.,Beverly badgers it to be not so nice that Lawrence isn't hiding the restaurant.,syntax_semantics,control_raising,expletive_it_object_raising,True,False,True,False,853,-108.13017272949219,-120.63908386230469,1
Eva's partners are expecting it to be not so good that Bradley has exited the art gallery.,Eva's partners advise it to be not so good that Bradley has exited the art gallery.,syntax_semantics,control_raising,expletive_it_object_raising,True,False,True,False,854,-106.502197265625,-108.49715423583984,1
Maria couldn't need it to be sad that a patient had discovered what tempt Tamara to aggravate Brenda.,Maria will ask it to be sad that a patient had discovered what tempt Tamara to aggravate Brenda.,syntax_semantics,control_raising,expletive_it_object_raising,True,False,True,False,855,-141.47119140625,-138.28646850585938,0
Drivers find it to be obvious that a convertible accelerates.,Drivers aren't commissioning it to be obvious that a convertible accelerates.,syntax_semantics,control_raising,expletive_it_object_raising,True,False,True,False,856,-77.30805969238281,-99.48147583007812,1
Candice's bosses had anticipated it to be unpleasant that many candles brighten.,Candice's bosses badger it to be unpleasant that many candles brighten.,syntax_semantics,control_raising,expletive_it_object_raising,True,False,True,False,857,-108.17025756835938,-116.462890625,1
Jodi hasn't judged it to be clear that Leslie performs.,Jodi should order it to be clear that Leslie performs.,syntax_semantics,control_raising,expletive_it_object_raising,True,False,True,False,858,-85.28375244140625,-81.12029266357422,0
Homer did expect it to be nice that every lake was freezing.,Homer hasn't forced it to be nice that every lake was freezing.,syntax_semantics,control_raising,expletive_it_object_raising,True,False,True,False,859,-79.96221160888672,-83.21016693115234,1
Some theses find it to be weird that Bethany won't urge Raymond to hug Kendra.,Some theses hadn't required it to be weird that Bethany won't urge Raymond to hug Kendra.,syntax_semantics,control_raising,expletive_it_object_raising,True,False,True,False,860,-151.95834350585938,-163.87974548339844,1
These museums didn't declare it to be interesting that some banks prodded Brian to discuss Martin.,These museums order it to be interesting that some banks prodded Brian to discuss Martin.,syntax_semantics,control_raising,expletive_it_object_raising,True,False,True,False,861,-135.1534423828125,-128.6784210205078,0
Gary's niece isn't wanting it to be noteworthy that many muffins bake.,Gary's niece commands it to be noteworthy that many muffins bake.,syntax_semantics,control_raising,expletive_it_object_raising,True,False,True,False,862,-93.16571044921875,-98.30927276611328,1
Adam wasn't preferring it to be fortunate that those companies have embarrassed Tonya.,Adam required it to be fortunate that those companies have embarrassed Tonya.,syntax_semantics,control_raising,expletive_it_object_raising,True,False,True,False,863,-99.51783752441406,-84.55036926269531,0
Russell hadn't judged it to be not so interesting that a mirror hadn't fallen apart.,Russell shouldn't implore it to be not so interesting that a mirror hadn't fallen apart.,syntax_semantics,control_raising,expletive_it_object_raising,True,False,True,False,864,-94.15473937988281,-103.05577850341797,1
Kristen isn't judging it to be apparent that this patient departed.,Kristen hadn't badgered it to be apparent that this patient departed.,syntax_semantics,control_raising,expletive_it_object_raising,True,False,True,False,865,-84.28435516357422,-98.27761840820312,1
A lot of students find it to be not so weird that Curtis hasn't cared for this guy.,A lot of students might push it to be not so weird that Curtis hasn't cared for this guy.,syntax_semantics,control_raising,expletive_it_object_raising,True,False,True,False,866,-107.04273986816406,-118.11643981933594,1
Katherine can't expect it to be surprising that Julie had hoped to bike to that cafe.,Katherine hasn't tempted it to be surprising that Julie had hoped to bike to that cafe.,syntax_semantics,control_raising,expletive_it_object_raising,True,False,True,False,867,-110.72687530517578,-116.81013488769531,1
Mary discovered it to be not so clear that Anne will intend to notice that woman.,Mary isn't ordering it to be not so clear that Anne will intend to notice that woman.,syntax_semantics,control_raising,expletive_it_object_raising,True,False,True,False,868,-93.64295196533203,-103.49465942382812,1
Dana hasn't expected it to be sad that Tanya blinks.,Dana motivates it to be sad that Tanya blinks.,syntax_semantics,control_raising,expletive_it_object_raising,True,False,True,False,869,-88.62135314941406,-98.09114074707031,1
An adult predicted it to be funny that most actors boycott that art gallery.,An adult was enticing it to be funny that most actors boycott that art gallery.,syntax_semantics,control_raising,expletive_it_object_raising,True,False,True,False,870,-103.8083267211914,-116.93000030517578,1
A hospital is anticipating it to be not so surprising that many actors want to clean many screens.,A hospital has enticed it to be not so surprising that many actors want to clean many screens.,syntax_semantics,control_raising,expletive_it_object_raising,True,False,True,False,871,-126.4167251586914,-130.13864135742188,1
Noah did consider it to be not so clear that Claire wouldn't appreciate girls.,Noah shouldn't implore it to be not so clear that Claire wouldn't appreciate girls.,syntax_semantics,control_raising,expletive_it_object_raising,True,False,True,False,872,-96.39137268066406,-115.09769439697266,1
Nina's boss preferred it to be not so surprising that a committee hadn't approved.,Nina's boss entreats it to be not so surprising that a committee hadn't approved.,syntax_semantics,control_raising,expletive_it_object_raising,True,False,True,False,873,-109.12867736816406,-121.64844512939453,1
Teresa's brothers were needing it to be unlucky that these waiters hadn't questioned Pamela.,Teresa's brothers obligate it to be unlucky that these waiters hadn't questioned Pamela.,syntax_semantics,control_raising,expletive_it_object_raising,True,False,True,False,874,-127.55926513671875,-137.71165466308594,1
Renee judges it to be acceptable that Steve wasn't neglecting to examine some documentary.,Renee had asked it to be acceptable that Steve wasn't neglecting to examine some documentary.,syntax_semantics,control_raising,expletive_it_object_raising,True,False,True,False,875,-119.71296691894531,-113.94029235839844,0
Most organizations do predict it to be uninteresting that that ice wasn't evaporating.,Most organizations motivate it to be uninteresting that that ice wasn't evaporating.,syntax_semantics,control_raising,expletive_it_object_raising,True,False,True,False,876,-103.91728973388672,-104.60725402832031,1
A lot of grandfathers of Dennis hadn't considered it to be obvious that those gloves can't dry.,A lot of grandfathers of Dennis ask it to be obvious that those gloves can't dry.,syntax_semantics,control_raising,expletive_it_object_raising,True,False,True,False,877,-134.28826904296875,-124.00749206542969,0
Stacey's senator discovered it to be lucky that Tracy has examined that report.,Stacey's senator motivated it to be lucky that Tracy has examined that report.,syntax_semantics,control_raising,expletive_it_object_raising,True,False,True,False,878,-109.66024017333984,-113.96175384521484,1
Mitchell discovers it to be pleasant that Sabrina replies.,Mitchell is ordering it to be pleasant that Sabrina replies.,syntax_semantics,control_raising,expletive_it_object_raising,True,False,True,False,879,-85.29411315917969,-88.3833236694336,1
Eva's contractor ascertains it to be uninteresting that Bradley had proposed to reference those guests.,Eva's contractor encouraged it to be uninteresting that Bradley had proposed to reference those guests.,syntax_semantics,control_raising,expletive_it_object_raising,True,False,True,False,880,-144.18055725097656,-121.65260314941406,0
Every grandson of Michelle does discover it to be clear that Holly talked.,Every grandson of Michelle urged it to be clear that Holly talked.,syntax_semantics,control_raising,expletive_it_object_raising,True,False,True,False,881,-90.38108825683594,-84.50462341308594,0
Peter discovers it to be not so bad that George isn't waving.,Peter had enticed it to be not so bad that George isn't waving.,syntax_semantics,control_raising,expletive_it_object_raising,True,False,True,False,882,-71.46958923339844,-88.1768798828125,1
The Borgias ascertain it to be funny that Melinda happens to stop.,The Borgias compel it to be funny that Melinda happens to stop.,syntax_semantics,control_raising,expletive_it_object_raising,True,False,True,False,883,-108.18260955810547,-110.19189453125,1
Those sisters of Helen haven't judged it to be unsuprising that Danielle hasn't murmured.,Those sisters of Helen are imploring it to be unsuprising that Danielle hasn't murmured.,syntax_semantics,control_raising,expletive_it_object_raising,True,False,True,False,884,-148.94528198242188,-154.81353759765625,1
Some legislature ascertains it to be cool that Michael hopes to remember Guy.,Some legislature is enticing it to be cool that Michael hopes to remember Guy.,syntax_semantics,control_raising,expletive_it_object_raising,True,False,True,False,885,-119.47683715820312,-108.37174987792969,0
The committees predicted it to be uninteresting that Marie wasn't sitting down.,The committees compel it to be uninteresting that Marie wasn't sitting down.,syntax_semantics,control_raising,expletive_it_object_raising,True,False,True,False,886,-93.0976791381836,-102.33367919921875,1
A lot of sisters of Anne weren't needing it to be important that Debra laughed.,A lot of sisters of Anne oblige it to be important that Debra laughed.,syntax_semantics,control_raising,expletive_it_object_raising,True,False,True,False,887,-118.35166931152344,-124.1965103149414,1
Susan isn't anticipating it to be too bad that Monet isn't cheering.,Susan had enticed it to be too bad that Monet isn't cheering.,syntax_semantics,control_raising,expletive_it_object_raising,True,False,True,False,888,-94.52320098876953,-97.19003295898438,1
William wasn't anticipating it to be funny that Gerald singing.,William obligated it to be funny that Gerald singing.,syntax_semantics,control_raising,expletive_it_object_raising,True,False,True,False,889,-76.22168731689453,-67.5039291381836,0
The banks needed it to be noteworthy that Stacey arrived at every bank.,The banks convince it to be noteworthy that Stacey arrived at every bank.,syntax_semantics,control_raising,expletive_it_object_raising,True,False,True,False,890,-94.77546691894531,-103.39469909667969,1
Every boy has needed it to be strange that Roger wasn't bringing some bird.,Every boy implores it to be strange that Roger wasn't bringing some bird.,syntax_semantics,control_raising,expletive_it_object_raising,True,False,True,False,891,-89.61221313476562,-104.83959197998047,1
Catherine should anticipate it to be unpleasant that Sharon went fishing.,Catherine should commission it to be unpleasant that Sharon went fishing.,syntax_semantics,control_raising,expletive_it_object_raising,True,False,True,False,892,-89.93768310546875,-89.0393295288086,0
A brother of all people ascertains it to be unfortunate that Sarah forgot about who was returning to Nicole.,A brother of all people obligated it to be unfortunate that Sarah forgot about who was returning to Nicole.,syntax_semantics,control_raising,expletive_it_object_raising,True,False,True,False,893,-147.81838989257812,-136.78302001953125,0
The Impressionists' daughters found it to be not so good that the government retaliated.,The Impressionists' daughters did push it to be not so good that the government retaliated.,syntax_semantics,control_raising,expletive_it_object_raising,True,False,True,False,894,-111.91922760009766,-120.05999755859375,1
These offspring judge it to be lucky that Jerry explored those public parks.,These offspring do entreat it to be lucky that Jerry explored those public parks.,syntax_semantics,control_raising,expletive_it_object_raising,True,False,True,False,895,-95.3240737915039,-107.60472106933594,1
Denise's mentors preferred it to be fortunate that teenagers don't succeed.,Denise's mentors didn't sway it to be fortunate that teenagers don't succeed.,syntax_semantics,control_raising,expletive_it_object_raising,True,False,True,False,896,-91.38803100585938,-100.75926208496094,1
That grandfather of Sally expects it to be a shame that Marla investigates Jeffrey.,That grandfather of Sally persuaded it to be a shame that Marla investigates Jeffrey.,syntax_semantics,control_raising,expletive_it_object_raising,True,False,True,False,897,-118.70428466796875,-115.863525390625,0
Tara isn't discovering it to be uninteresting that the Lutherans could profit.,Tara was tempting it to be uninteresting that the Lutherans could profit.,syntax_semantics,control_raising,expletive_it_object_raising,True,False,True,False,898,-123.46859741210938,-119.67840576171875,0
Omar judges it to be not so clear that Steven disappeared.,Omar urges it to be not so clear that Steven disappeared.,syntax_semantics,control_raising,expletive_it_object_raising,True,False,True,False,899,-82.28463745117188,-80.69598388671875,0
Joseph's handyman wasn't declaring it to be weird that some child had descended a hill.,Joseph's handyman was urging it to be weird that some child had descended a hill.,syntax_semantics,control_raising,expletive_it_object_raising,True,False,True,False,900,-116.23968505859375,-109.84590148925781,0
Regina believes it to be not so amusing that these guests hire Jerry.,Regina was pressuring it to be not so amusing that these guests hire Jerry.,syntax_semantics,control_raising,expletive_it_object_raising,True,False,True,False,901,-95.11582946777344,-108.3658218383789,1
Florence wants it to be interesting that all children aren't working hard.,Florence pressured it to be interesting that all children aren't working hard.,syntax_semantics,control_raising,expletive_it_object_raising,True,False,True,False,902,-81.84469604492188,-94.17399597167969,1
Jerry's dentist has predicted it to be expected that many senators confer.,Jerry's dentist pushed it to be expected that many senators confer.,syntax_semantics,control_raising,expletive_it_object_raising,True,False,True,False,903,-91.2860107421875,-87.21504211425781,0
An actor wouldn't declare it to be lucky that all doctors boycott Spain.,An actor entreats it to be lucky that all doctors boycott Spain.,syntax_semantics,control_raising,expletive_it_object_raising,True,False,True,False,904,-96.0809326171875,-104.576171875,1
Lori has anticipated it to be unusual that Kendra has cured Karla.,Lori entices it to be unusual that Kendra has cured Karla.,syntax_semantics,control_raising,expletive_it_object_raising,True,False,True,False,905,-116.04827880859375,-125.94398498535156,1
Kayla is discovering it to be natural that the convertibles had crashed.,Kayla would dare it to be natural that the convertibles had crashed.,syntax_semantics,control_raising,expletive_it_object_raising,True,False,True,False,906,-104.89371490478516,-102.11442565917969,0
Allison had discovered it to be good that Sheila descended this ladder.,Allison can obligate it to be good that Sheila descended this ladder.,syntax_semantics,control_raising,expletive_it_object_raising,True,False,True,False,907,-92.49510192871094,-101.06248474121094,1
Grace has wanted it to be worth mentioning that the unicycle has chipped.,Grace pushes it to be worth mentioning that the unicycle has chipped.,syntax_semantics,control_raising,expletive_it_object_raising,True,False,True,False,908,-103.79156494140625,-102.99166870117188,0
The cashier had predicted it to be unlucky that Regina jokes around.,The cashier spurred it to be unlucky that Regina jokes around.,syntax_semantics,control_raising,expletive_it_object_raising,True,False,True,False,909,-96.69071960449219,-96.75350952148438,1
All synopses wouldn't consider it to be not so important that Monica refuses to complain.,All synopses compel it to be not so important that Monica refuses to complain.,syntax_semantics,control_raising,expletive_it_object_raising,True,False,True,False,910,-109.24227142333984,-117.8834457397461,1
Monica expected it to be boring that the blouse won't impress Dana.,Monica sways it to be boring that the blouse won't impress Dana.,syntax_semantics,control_raising,expletive_it_object_raising,True,False,True,False,911,-90.88899993896484,-106.80393981933594,1
Cheryl needs it to be important that all students happen to descend the mountains.,Cheryl isn't convincing it to be important that all students happen to descend the mountains.,syntax_semantics,control_raising,expletive_it_object_raising,True,False,True,False,912,-101.7343978881836,-120.04369354248047,1
Andrea prefers it to be fortunate that the car disgusted Scott.,Andrea would encourage it to be fortunate that the car disgusted Scott.,syntax_semantics,control_raising,expletive_it_object_raising,True,False,True,False,913,-86.20360565185547,-85.04124450683594,0
Benjamin hadn't ascertained it to be odd that most teachers prefer the Lutherans to date.,Benjamin entreated it to be odd that most teachers prefer the Lutherans to date.,syntax_semantics,control_raising,expletive_it_object_raising,True,False,True,False,914,-144.96783447265625,-133.29229736328125,0
Some actress finds it to be important that all guys entreat Bruce's boyfriend to look like these sketches.,Some actress encourages it to be important that all guys entreat Bruce's boyfriend to look like these sketches.,syntax_semantics,control_raising,expletive_it_object_raising,True,False,True,False,915,-136.07257080078125,-141.65228271484375,1
Some granddaughter of Benjamin predicted it to be surprising that Julie hadn't come here.,Some granddaughter of Benjamin is obliging it to be surprising that Julie hadn't come here.,syntax_semantics,control_raising,expletive_it_object_raising,True,False,True,False,916,-94.1197509765625,-107.91475677490234,1
Liam judged it to be funny that lakes evaporate.,Liam had encouraged it to be funny that lakes evaporate.,syntax_semantics,control_raising,expletive_it_object_raising,True,False,True,False,917,-75.38153076171875,-82.38116455078125,1
Danielle should ascertain it to be not so surprising that that woman can't like a lake.,Danielle wouldn't dare it to be not so surprising that that woman can't like a lake.,syntax_semantics,control_raising,expletive_it_object_raising,True,False,True,False,918,-102.7498779296875,-96.3250961303711,0
All women consider it to be not so nice that all museums negotiate.,All women weren't tempting it to be not so nice that all museums negotiate.,syntax_semantics,control_raising,expletive_it_object_raising,True,False,True,False,919,-76.63665008544922,-98.39289855957031,1
These daughters of Laura anticipate it to be normal that Kristen can't prove to look like some painting.,These daughters of Laura persuade it to be normal that Kristen can't prove to look like some painting.,syntax_semantics,control_raising,expletive_it_object_raising,True,False,True,False,920,-127.52503204345703,-122.8976821899414,0
The boys' French teacher might want it to be normal that those libraries do approve.,The boys' French teacher is badgering it to be normal that those libraries do approve.,syntax_semantics,control_raising,expletive_it_object_raising,True,False,True,False,921,-103.88142395019531,-121.52404022216797,1
An actress shouldn't consider it to be not so pleasant that most waiters weep.,An actress begs it to be not so pleasant that most waiters weep.,syntax_semantics,control_raising,expletive_it_object_raising,True,False,True,False,922,-101.77582550048828,-102.96111297607422,1
Michael was needing it to be not so funny that Bradley said Sara had thought about the newspaper articles.,Michael commanded it to be not so funny that Bradley said Sara had thought about the newspaper articles.,syntax_semantics,control_raising,expletive_it_object_raising,True,False,True,False,923,-106.91651916503906,-107.97970581054688,1
Chad judged it to be not so important that the painting looks like Paula.,Chad asked it to be not so important that the painting looks like Paula.,syntax_semantics,control_raising,expletive_it_object_raising,True,False,True,False,924,-84.5450439453125,-79.28996276855469,0
Cheryl's French teacher will discover it to be worth noting that Edward hadn't planned to lie.,Cheryl's French teacher compels it to be worth noting that Edward hadn't planned to lie.,syntax_semantics,control_raising,expletive_it_object_raising,True,False,True,False,925,-137.85626220703125,-145.7250213623047,1
Carrie had wanted it to be weird that the Clintons approve.,Carrie obliges it to be weird that the Clintons approve.,syntax_semantics,control_raising,expletive_it_object_raising,True,False,True,False,926,-77.3658676147461,-87.5104751586914,1
Cynthia hadn't needed it to be normal that the museum manages to testify.,Cynthia had compelled it to be normal that the museum manages to testify.,syntax_semantics,control_raising,expletive_it_object_raising,True,False,True,False,927,-108.4290542602539,-109.1590347290039,1
The fathers of Lawrence wanted it to be cool that those projectors weren't brightening.,The fathers of Lawrence couldn't urge it to be cool that those projectors weren't brightening.,syntax_semantics,control_raising,expletive_it_object_raising,True,False,True,False,928,-113.07998657226562,-127.93673706054688,1
This child had found it to be unsuprising that Raymond is pressing this grandson of Michael to embarrass Leslie.,This child requires it to be unsuprising that Raymond is pressing this grandson of Michael to embarrass Leslie.,syntax_semantics,control_raising,expletive_it_object_raising,True,False,True,False,929,-164.56747436523438,-163.30133056640625,0
All waiters would declare it to be strange that Brett will climb up this slope.,All waiters oblige it to be strange that Brett will climb up this slope.,syntax_semantics,control_raising,expletive_it_object_raising,True,False,True,False,930,-109.01729583740234,-124.02031707763672,1
Bethany isn't finding it to be nice that Donna passed this bank.,Bethany was persuading it to be nice that Donna passed this bank.,syntax_semantics,control_raising,expletive_it_object_raising,True,False,True,False,931,-105.22256469726562,-119.29220581054688,1
Barbara's mother wouldn't expect it to be bad that these children find Ruth to laugh.,Barbara's mother is imploring it to be bad that these children find Ruth to laugh.,syntax_semantics,control_raising,expletive_it_object_raising,True,False,True,False,932,-90.35249328613281,-103.82249450683594,1
Michelle's mentors believe it to be expected that Carlos hides.,Michelle's mentors might prod it to be expected that Carlos hides.,syntax_semantics,control_raising,expletive_it_object_raising,True,False,True,False,933,-87.76734924316406,-101.68421936035156,1
This company wouldn't find it to be nice that that waiter longs to come here.,This company wasn't ordering it to be nice that that waiter longs to come here.,syntax_semantics,control_raising,expletive_it_object_raising,True,False,True,False,934,-87.157958984375,-94.83384704589844,1
All grandsons of Vincent won't judge it to be unfortunate that some birds hide.,All grandsons of Vincent couldn't pressure it to be unfortunate that some birds hide.,syntax_semantics,control_raising,expletive_it_object_raising,True,False,True,False,935,-113.39173889160156,-118.40769958496094,1
Those girls had discovered it to be fortunate that Leslie isn't appreciating the girl.,Those girls badger it to be fortunate that Leslie isn't appreciating the girl.,syntax_semantics,control_raising,expletive_it_object_raising,True,False,True,False,936,-93.04171752929688,-103.61466979980469,1
Janet's dermatologists are finding it to be weird that Danielle wouldn't wish to joke around.,Janet's dermatologists aren't encouraging it to be weird that Danielle wouldn't wish to joke around.,syntax_semantics,control_raising,expletive_it_object_raising,True,False,True,False,937,-125.09895324707031,-129.92288208007812,1
Joseph's nephews did anticipate it to be unlucky that Clyde has forced Judy to hunt.,Joseph's nephews encouraged it to be unlucky that Clyde has forced Judy to hunt.,syntax_semantics,control_raising,expletive_it_object_raising,True,False,True,False,938,-121.49877166748047,-109.0210189819336,0
Eric's hairdresser wasn't anticipating it to be unexpected that all women get a job.,Eric's hairdresser wasn't spurring it to be unexpected that all women get a job.,syntax_semantics,control_raising,expletive_it_object_raising,True,False,True,False,939,-105.25144958496094,-107.32170104980469,1
Carol's ex-girlfriend has discovered it to be worth mentioning that Christopher lifted the stairs.,Carol's ex-girlfriend has pushed it to be worth mentioning that Christopher lifted the stairs.,syntax_semantics,control_raising,expletive_it_object_raising,True,False,True,False,940,-114.69261169433594,-116.72714233398438,1
Gregory will want it to be not so funny that Laurie hasn't sneezed.,Gregory hadn't prodded it to be not so funny that Laurie hasn't sneezed.,syntax_semantics,control_raising,expletive_it_object_raising,True,False,True,False,941,-94.92211151123047,-122.69395446777344,1
Andrew's ex-girlfriend expects it to be lucky that Alice complained.,Andrew's ex-girlfriend had enticed it to be lucky that Alice complained.,syntax_semantics,control_raising,expletive_it_object_raising,True,False,True,False,942,-82.50041198730469,-94.78195190429688,1
The Borgias couldn't consider it to be amusing that George impressed an adult.,The Borgias hadn't tempted it to be amusing that George impressed an adult.,syntax_semantics,control_raising,expletive_it_object_raising,True,False,True,False,943,-104.11409759521484,-113.56291961669922,1
A lot of guests' mentee wasn't declaring it to be not so important that Carol had escaped.,A lot of guests' mentee compels it to be not so important that Carol had escaped.,syntax_semantics,control_raising,expletive_it_object_raising,True,False,True,False,944,-141.4706268310547,-137.46099853515625,0
Andrea would prefer it to be clear that some teachers aren't figuring out who washed.,Andrea might command it to be clear that some teachers aren't figuring out who washed.,syntax_semantics,control_raising,expletive_it_object_raising,True,False,True,False,945,-101.74112701416016,-109.43931579589844,1
The actors prefer it to be cool that Randolf arrives at every restaurant.,The actors ask it to be cool that Randolf arrives at every restaurant.,syntax_semantics,control_raising,expletive_it_object_raising,True,False,True,False,946,-94.45274353027344,-94.88764190673828,1
Sons of Keith find it to be obvious that Dan did learn.,Sons of Keith haven't convinced it to be obvious that Dan did learn.,syntax_semantics,control_raising,expletive_it_object_raising,True,False,True,False,947,-85.82315063476562,-98.44499206542969,1
Jeffrey anticipates it to be cool that Tamara wouldn't discuss Tara.,Jeffrey shouldn't implore it to be cool that Tamara wouldn't discuss Tara.,syntax_semantics,control_raising,expletive_it_object_raising,True,False,True,False,948,-113.33908081054688,-115.97129821777344,1
Some doctor considered it to be funny that those convertibles accelerate.,Some doctor pushed it to be funny that those convertibles accelerate.,syntax_semantics,control_raising,expletive_it_object_raising,True,False,True,False,949,-92.4217300415039,-93.47042846679688,1
Bethany's nieces aren't finding it to be not so amusing that the Impressionists lie.,Bethany's nieces persuaded it to be not so amusing that the Impressionists lie.,syntax_semantics,control_raising,expletive_it_object_raising,True,False,True,False,950,-153.47756958007812,-147.4223175048828,0
Many organizations find it to be not so obvious that Jessica impressed April.,Many organizations didn't induce it to be not so obvious that Jessica impressed April.,syntax_semantics,control_raising,expletive_it_object_raising,True,False,True,False,951,-89.1638412475586,-98.65509796142578,1
Jason can't expect it to be unusual that Amanda had boycotted the company.,Jason required it to be unusual that Amanda had boycotted the company.,syntax_semantics,control_raising,expletive_it_object_raising,True,False,True,False,952,-94.73194885253906,-92.19729614257812,0
Samuel hasn't declared it to be not so bad that Jacqueline enticed Sara to discover that cart.,Samuel forces it to be not so bad that Jacqueline enticed Sara to discover that cart.,syntax_semantics,control_raising,expletive_it_object_raising,True,False,True,False,953,-141.70733642578125,-139.62045288085938,0
Monet preferred it to be odd that that driver hasn't needed Travis to litter.,Monet tempted it to be odd that that driver hasn't needed Travis to litter.,syntax_semantics,control_raising,expletive_it_object_raising,True,False,True,False,954,-109.67098999023438,-107.67314147949219,0
This niece of Sonia is discovering it to be clear that every apple scorches.,This niece of Sonia would motivate it to be clear that every apple scorches.,syntax_semantics,control_raising,expletive_it_object_raising,True,False,True,False,955,-115.4932861328125,-118.744873046875,1
Regina hadn't expected it to be strange that Melissa knew Kendra.,Regina is pressuring it to be strange that Melissa knew Kendra.,syntax_semantics,control_raising,expletive_it_object_raising,True,False,True,False,956,-98.19842529296875,-101.78430938720703,1
Joseph's son isn't anticipating it to be worth saying that every cashier had appreciated Denise.,Joseph's son hadn't prompted it to be worth saying that every cashier had appreciated Denise.,syntax_semantics,control_raising,expletive_it_object_raising,True,False,True,False,957,-126.49987030029297,-123.69515991210938,0
The Clintons find it to be good that Helen wouldn't laugh.,The Clintons had compelled it to be good that Helen wouldn't laugh.,syntax_semantics,control_raising,expletive_it_object_raising,True,False,True,False,958,-77.49845123291016,-88.87079620361328,1
The school prefers it to be not so amusing that many patients require Tonya to explain everything.,The school is inducing it to be not so amusing that many patients require Tonya to explain everything.,syntax_semantics,control_raising,expletive_it_object_raising,True,False,True,False,959,-119.65271759033203,-127.62528228759766,1
Many dancers could anticipate it to be unsuprising that Brenda would boycott every art gallery.,Many dancers tempt it to be unsuprising that Brenda would boycott every art gallery.,syntax_semantics,control_raising,expletive_it_object_raising,True,False,True,False,960,-149.23416137695312,-145.54330444335938,0
Naomi's father has judged it to be odd that Colleen wears gloves.,Naomi's father has prompted it to be odd that Colleen wears gloves.,syntax_semantics,control_raising,expletive_it_object_raising,True,False,True,False,961,-106.37490844726562,-108.87834930419922,1
Martha hasn't wanted it to be not so interesting that Keith has advised some driver to worry some pedestrian.,Martha sways it to be not so interesting that Keith has advised some driver to worry some pedestrian.,syntax_semantics,control_raising,expletive_it_object_raising,True,False,True,False,962,-127.10269165039062,-137.0992431640625,1
That organization declared it to be unlucky that Alan drops by that art gallery.,That organization pressures it to be unlucky that Alan drops by that art gallery.,syntax_semantics,control_raising,expletive_it_object_raising,True,False,True,False,963,-104.91081237792969,-111.4428482055664,1
A lot of grandsons of Carla weren't anticipating it to be not so weird that Ellen couldn't remember the river.,A lot of grandsons of Carla did urge it to be not so weird that Ellen couldn't remember the river.,syntax_semantics,control_raising,expletive_it_object_raising,True,False,True,False,964,-165.47991943359375,-155.56190490722656,0
Larry discovered it to be acceptable that that association can surrender.,Larry obligates it to be acceptable that that association can surrender.,syntax_semantics,control_raising,expletive_it_object_raising,True,False,True,False,965,-75.18667602539062,-85.52738189697266,1
Alan wants it to be pleasant that a fish might alarm Andrew.,Alan is pressing it to be pleasant that a fish might alarm Andrew.,syntax_semantics,control_raising,expletive_it_object_raising,True,False,True,False,966,-78.19306945800781,-88.74853515625,1
Men judge it to be pleasant that Scott can press Amy's lawyer to irritate Michelle.,Men beg it to be pleasant that Scott can press Amy's lawyer to irritate Michelle.,syntax_semantics,control_raising,expletive_it_object_raising,True,False,True,False,967,-119.23231506347656,-120.29255676269531,1
Some nephews of April hadn't anticipated it to be not so good that all drivers forfeit.,Some nephews of April convince it to be not so good that all drivers forfeit.,syntax_semantics,control_raising,expletive_it_object_raising,True,False,True,False,968,-116.10798645019531,-104.90444946289062,0
Some committee can want it to be not so nice that the lakes froze.,Some committee induces it to be not so nice that the lakes froze.,syntax_semantics,control_raising,expletive_it_object_raising,True,False,True,False,969,-81.26239013671875,-92.55406188964844,1
Ronald preferred it to be interesting that Rhonda changed.,Ronald wasn't prodding it to be interesting that Rhonda changed.,syntax_semantics,control_raising,expletive_it_object_raising,True,False,True,False,970,-78.53263854980469,-108.0327377319336,1
Keith declared it to be bad that those companies work with Emily.,Keith hadn't motivated it to be bad that those companies work with Emily.,syntax_semantics,control_raising,expletive_it_object_raising,True,False,True,False,971,-70.80540466308594,-83.64228820800781,1
Liam prefers it to be natural that many companies dislike Becky.,Liam persuades it to be natural that many companies dislike Becky.,syntax_semantics,control_raising,expletive_it_object_raising,True,False,True,False,972,-89.29766845703125,-105.62931060791016,1
Travis predicts it to be good that Diane sang.,Travis pressed it to be good that Diane sang.,syntax_semantics,control_raising,expletive_it_object_raising,True,False,True,False,973,-83.16746520996094,-78.1510009765625,0
Beverly's dentists anticipated it to be expected that many waiters swallow.,Beverly's dentists had enticed it to be expected that many waiters swallow.,syntax_semantics,control_raising,expletive_it_object_raising,True,False,True,False,974,-131.88284301757812,-144.590576171875,1
Timothy discovers it to be lucky that Ann shouldn't reveal the rug.,Timothy motivated it to be lucky that Ann shouldn't reveal the rug.,syntax_semantics,control_raising,expletive_it_object_raising,True,False,True,False,975,-88.85763549804688,-91.207275390625,1
Allison believed it to be pleasant that the waitresses had insulted the doctor.,Allison obliged it to be pleasant that the waitresses had insulted the doctor.,syntax_semantics,control_raising,expletive_it_object_raising,True,False,True,False,976,-107.21894836425781,-112.41182708740234,1
Maria prefers it to be not so important that the socks are falling.,Maria won't pressure it to be not so important that the socks are falling.,syntax_semantics,control_raising,expletive_it_object_raising,True,False,True,False,977,-71.17424774169922,-80.73400115966797,1
Ann is wanting it to be not so surprising that Janice imagined those coats aren't flattening.,Ann convinced it to be not so surprising that Janice imagined those coats aren't flattening.,syntax_semantics,control_raising,expletive_it_object_raising,True,False,True,False,978,-127.65108489990234,-125.86679077148438,0
The guest isn't predicting it to be expected that a lot of waiters hide some rabbits.,The guest persuades it to be expected that a lot of waiters hide some rabbits.,syntax_semantics,control_raising,expletive_it_object_raising,True,False,True,False,979,-118.38423919677734,-120.81793212890625,1
Travis anticipates it to be nice that Caroline sees Sally.,Travis hasn't pushed it to be nice that Caroline sees Sally.,syntax_semantics,control_raising,expletive_it_object_raising,True,False,True,False,980,-105.73323822021484,-100.3354263305664,0
Michael isn't discovering it to be unlucky that those girls might marry.,Michael sways it to be unlucky that those girls might marry.,syntax_semantics,control_raising,expletive_it_object_raising,True,False,True,False,981,-79.34578704833984,-81.27632904052734,1
The legislature could predict it to be surprising that Helen hadn't screamed.,The legislature hasn't compelled it to be surprising that Helen hadn't screamed.,syntax_semantics,control_raising,expletive_it_object_raising,True,False,True,False,982,-88.90597534179688,-96.32472229003906,1
A lot of mothers of those cashiers needed it to be lucky that Suzanne hasn't induced Eva's electricians to clean many carts.,A lot of mothers of those cashiers urge it to be lucky that Suzanne hasn't induced Eva's electricians to clean many carts.,syntax_semantics,control_raising,expletive_it_object_raising,True,False,True,False,983,-196.05178833007812,-200.3248291015625,1
Those grandsons of the pedestrian hadn't predicted it to be worth saying that Winston Churchill escapes from some dancers.,Those grandsons of the pedestrian do pressure it to be worth saying that Winston Churchill escapes from some dancers.,syntax_semantics,control_raising,expletive_it_object_raising,True,False,True,False,984,-148.61602783203125,-147.0110321044922,0
Homer had predicted it to be worth saying that all coats warp.,Homer sways it to be worth saying that all coats warp.,syntax_semantics,control_raising,expletive_it_object_raising,True,False,True,False,985,-97.40575408935547,-103.51168823242188,1
David discovers it to be good that Teresa vanishes.,David isn't requiring it to be good that Teresa vanishes.,syntax_semantics,control_raising,expletive_it_object_raising,True,False,True,False,986,-66.85556030273438,-80.66804504394531,1
Thomas expects it to be not so interesting that Sharon does boycott many hills.,Thomas has persuaded it to be not so interesting that Sharon does boycott many hills.,syntax_semantics,control_raising,expletive_it_object_raising,True,False,True,False,987,-96.76484680175781,-100.2626953125,1
Holly was judging it to be not so amusing that Kenneth sighed.,Holly isn't convincing it to be not so amusing that Kenneth sighed.,syntax_semantics,control_raising,expletive_it_object_raising,True,False,True,False,988,-90.51161193847656,-98.25302124023438,1
Cheryl judged it to be not so weird that Monica has liked to speak up.,Cheryl induces it to be not so weird that Monica has liked to speak up.,syntax_semantics,control_raising,expletive_it_object_raising,True,False,True,False,989,-116.56689453125,-123.53407287597656,1
Barbara's mothers hadn't ascertained it to be noteworthy that the Lutherans run around that restaurant.,Barbara's mothers force it to be noteworthy that the Lutherans run around that restaurant.,syntax_semantics,control_raising,expletive_it_object_raising,True,False,True,False,990,-144.26280212402344,-113.73429870605469,0
Patients believe it to be worth mentioning that the Clintons hug Mark.,Patients beg it to be worth mentioning that the Clintons hug Mark.,syntax_semantics,control_raising,expletive_it_object_raising,True,False,True,False,991,-108.94818115234375,-112.92813110351562,1
All boys find it to be not so obvious that the Lutherans aren't conferring.,All boys prodded it to be not so obvious that the Lutherans aren't conferring.,syntax_semantics,control_raising,expletive_it_object_raising,True,False,True,False,992,-106.60530090332031,-127.78651428222656,1
Many libraries won't believe it to be not so pleasant that Melissa was declaring that fish to scorch.,Many libraries have encouraged it to be not so pleasant that Melissa was declaring that fish to scorch.,syntax_semantics,control_raising,expletive_it_object_raising,True,False,True,False,993,-129.03912353515625,-127.4433364868164,0
Most men predict it to be funny that every patient falls asleep.,Most men hadn't ordered it to be funny that every patient falls asleep.,syntax_semantics,control_raising,expletive_it_object_raising,True,False,True,False,994,-76.65742492675781,-80.12367248535156,1
The association had wanted it to be strange that these children need to fall asleep.,The association was asking it to be strange that these children need to fall asleep.,syntax_semantics,control_raising,expletive_it_object_raising,True,False,True,False,995,-77.33415222167969,-76.8746337890625,0
Jodi hasn't predicted it to be cool that many actors aren't learning who isn't researching a lot of restaurants.,Jodi won't pressure it to be cool that many actors aren't learning who isn't researching a lot of restaurants.,syntax_semantics,control_raising,expletive_it_object_raising,True,False,True,False,996,-135.14036560058594,-137.8394775390625,1
Cindy's brothers declare it to be cool that Scott had cleaned every eye.,Cindy's brothers couldn't force it to be cool that Scott had cleaned every eye.,syntax_semantics,control_raising,expletive_it_object_raising,True,False,True,False,997,-118.05843353271484,-115.73927307128906,0
Laurie's mentees expect it to be fortunate that the Lutherans woke up.,Laurie's mentees aren't pressuring it to be fortunate that the Lutherans woke up.,syntax_semantics,control_raising,expletive_it_object_raising,True,False,True,False,998,-113.15379333496094,-132.57736206054688,1
Bruce expects it to be not so weird that a lot of chairs do slip.,Bruce induced it to be not so weird that a lot of chairs do slip.,syntax_semantics,control_raising,expletive_it_object_raising,True,False,True,False,999,-81.96046447753906,-83.18315124511719,1
